sensore gc8034 gc8034 1-0037 /dev/v4l-subdev5 Intel IPU6 CSI2 1 /dev/video8
formato 3264x2448 RGGB bpl 6528 n 6
regs:
0 0x66 0x2c
0 0x80 0x10
0 0xad 0x30
0 0xbc 0x49
controlli:
exposure: 2246
analogue_gain: 0
vertical_blanking: 48
horizontal_blanking: 1008
pixel_rate: 255909888
timestamp:
4099.573186
4099.614838
4099.656491
4099.698146
4099.739797
4099.781453
4099.823104
4099.864759
4099.906414
4099.948067
4099.989720
4100.031373
4100.073029
4100.114681
4100.154342
4100.197987
4100.239643
4100.277736
4100.322951
4100.364607
4100.404797
4100.447914
4100.489566
4100.530895
4100.572876
4100.614528
4100.639553
4100.656181
4100.697834
4100.739491
4100.781144
4100.822796
4100.864450
4100.906106
4100.947757
4100.985065
4101.031065
4101.072718
4101.114375
4101.156026
4101.197680
4101.223039
4101.239335
4101.280987
4101.322641
4101.364296
4101.401189
4101.447604
4101.489256
4101.530911
4101.572563
4101.614219
4101.655874
4101.674893
4101.697526
4101.739179
4101.780833
4101.822488
4101.864139
4101.904735
4101.947449
4101.989103
4102.026542
4102.072407
4102.114062
4102.155718
4102.197373
4102.239024
4102.280679
4102.322334
4102.363395
4102.405641
4102.447293
4102.488950
4102.530603
4102.572257
4102.613908
4102.655564
4102.697216
4102.738870
4102.780524
4102.821252
4102.863835
4102.905486
4102.947139
4102.988792
4103.030121
4103.072102
4103.113756
4103.155407
4103.193836
4103.215083
4103.238716
4103.280370
4103.322024
4103.363675
4103.385032
4103.405332
4103.446983
4103.472876
4103.488637
4103.530291
4103.571945
4103.613601
4103.655254
4103.696907
4103.738562
4103.778221
4103.821870
4103.863524
4103.905177
4103.946830
4103.984538
4104.012707
4104.030141
4104.067514
4104.089812
4104.113447
4104.155099
4104.196753
4104.238406
4104.279200
4104.321714
4104.363369
4104.405021
4104.446675
4104.488330
4104.529982
4104.571639
4104.613289
4104.654944
4104.696599
4104.738253
4104.775478
4104.821560
4104.861217
4104.904865
4104.940292
4104.986180
4105.029828
4105.071482
4105.113135
4105.154789
4105.196445
4105.238096
4105.279751
4105.321405
4105.363058
4105.400500
4105.446365
4105.488022
4105.529673
4105.571329
4105.612985
4105.654634
4105.696290
4105.737942
4105.762835
4105.779596
4105.821251
4105.862903
4105.904558
4105.946210
4105.987865
4106.029517
4106.066943
4106.112825
4106.150921
4106.196134
4106.237789
4106.279443
4106.321095
4106.362749
4106.404403
4106.446055
4106.487711
4106.529366
4106.571017
4106.612673
4106.654324
4106.695980
4106.737632
4106.779286
4106.820940
4106.862592
4106.904247
4106.945903
4106.987555
4107.029208
4107.070865
4107.108287
4107.154173
4107.195825
4107.237478
4107.279133
4107.320787
4107.362440
4107.404093
4107.445748
4107.487402
4107.509356
4107.529056
4107.568783
4107.611972
4107.638459
4107.695670
4107.737324
4107.778980
4107.820630
4107.862286
4107.903939
4107.945591
4107.987248
4108.028900
4108.069697
4108.112210
[ 4104.301980] intel_ipu6_isys.isys intel_ipu6.isys.40: csi2-1 error: Payload checksum (CRC) error
[ 4104.301985] intel_ipu6_isys.isys intel_ipu6.isys.40: csi2-1 error: Incomplete long packet detected
[ 4116.127207] intel_ipu6_isys.isys intel_ipu6.isys.40: stream stop time out
[ 4118.174045] intel_ipu6_isys.isys intel_ipu6.isys.40: stream close time out
[ 4118.174484] intel_ipu6_isys.isys intel_ipu6.isys.40: buffer list not empty, needs isys reset
