sensore gc8034 gc8034 1-0037 /dev/v4l-subdev5 Intel IPU6 CSI2 1 /dev/video8
formato 1632x2448 RGGB bpl 3264 n 6
regs:
0 0xad 0x30
0 0x97 0x06
0 0x98 0x60
3 0x12 0xf8
3 0x13 0x07
controlli:
exposure: 2246
analogue_gain: 0
vertical_blanking: 48
horizontal_blanking: 1008
pixel_rate: 255909888
timestamp:
4119.838403
4119.845667
4119.852817
4119.862019
4119.868634
4119.876837
4119.917071
4119.942104
4119.954320
4119.962400
4120.000376
4120.019272
4120.032088
4120.042029
4120.083685
4120.093902
4120.125338
4120.166990
4120.208644
4120.216191
4120.250300
4120.291489
4120.333607
4120.375259
4120.396894
4120.405696
4120.416915
4120.425664
4120.458567
4120.500222
4120.541875
4120.583529
4120.621248
4120.666837
4120.703623
4120.735196
4120.745745
4120.791797
4120.833450
4120.875105
4120.913425
4120.927309
4120.948139
4120.958415
4120.966495
4120.976507
4121.000068
4121.041722
4121.083376
4121.125029
4121.140653
4121.166681
4121.204736
4121.226831
4121.249988
4121.290448
4121.333297
4121.345383
4121.374951
4121.414405
4121.454793
4121.498717
4121.541566
4121.556914
4121.583220
4121.598701
4121.609058
4121.624876
4121.666526
4121.708181
4121.715363
4121.726541
4121.739561
4121.747771
4121.787823
4121.806308
4121.818062
4121.832815
4121.855708
4121.874796
4121.916451
4121.926935
4121.957040
4121.989550
4121.999758
4122.038414
4122.079797
4122.089279
4122.108235
4122.124721
4122.162039
4122.174387
4122.208027
4122.249681
4122.291336
4122.305884
4122.332987
4122.370106
4122.416296
4122.457950
4122.494135
4122.536991
4122.579042
4122.624564
4122.664021
4122.707871
4122.725901
4122.749526
4122.782374
4122.791182
4122.801933
4122.832834
4122.874488
4122.885308
4122.916141
4122.957794
4122.976960
4122.999449
4123.041103
4123.051922
4123.082757
4123.093377
4123.119876
4123.166064
4123.196575
4123.207718
4123.239698
4123.249373
4123.269669
4123.279883
4123.286691
4123.309521
4123.332679
4123.369932
4123.380212
4123.390620
4123.415988
4123.424602
4123.457640
4123.499293
4123.540948
4123.582601
4123.624254
4123.644552
4123.662441
4123.677199
4123.707564
4123.727861
4123.749217
4123.786937
4123.827923
4123.869176
4123.915833
4123.957485
4123.993469
4124.040793
4124.059957
4124.067834
4124.082449
4124.124103
4124.135720
4124.165756
4124.188255
4124.207410
4124.249063
4124.259949
4124.286985
4124.301267
4124.332369
4124.374023
4124.415677
4124.431960
4124.457331
4124.466217
4124.498985
4124.540640
4124.582294
4124.623948
4124.648983
4124.661135
4124.667811
4124.674551
4124.705056
4124.722202
4124.748907
4124.767603
4124.780955
4124.790561
4124.832217
4124.873870
4124.915525
4124.953042
4124.998831
4125.040486
4125.082139
4125.123791
4125.133943
4125.141954
4125.165447
4125.207101
4125.248752
4125.290409
4125.328128
4125.351090
4125.373717
4125.407231
4125.415370
4125.453422
4125.498678
4125.509829
4125.540330
4125.551081
4125.581982
4125.596798
4125.619769
4125.661225
4125.670569
4125.706945
4125.746468
4125.780179
4125.790253
4125.810952
4125.831906
4125.873560
4125.915213
4125.956868
4125.972286
4125.998520
4126.038046
4126.081828
4126.123484
4126.142177
4126.152985
4126.165139
4126.206792
4126.221542
4126.248446
4126.286434
4126.331752
4126.373405
4126.415061
4126.436893
4126.446971
4126.456715
4126.498366
4126.527935
4126.540022
4126.581676
4126.623329
4126.641756
4126.661047
4126.673734
4126.706636
4126.726332
4126.748290
4126.789944
4126.798492
4126.807161
4126.831597
4126.873251
4126.889011
4126.910905
4126.956560
4126.976187
4126.998216
4127.034398
4127.081521
4127.123175
4127.138592
4127.164827
4127.206485
4127.217036
4127.248136
4127.286991
4127.311757
4127.323438
4127.331446
4127.339192
4127.373096
4127.388046
4127.414751
4127.425436
4127.456406
4127.475033
[ 4124.555424] intel_ipu6_isys.isys intel_ipu6.isys.40: csi2-1 error: Single packet header error corrected
[ 4124.555443] intel_ipu6_isys.isys intel_ipu6.isys.40: csi2-1 error: Multiple packet header errors detected
[ 4136.285388] intel_ipu6_isys.isys intel_ipu6.isys.40: stream stop time out
[ 4138.333192] intel_ipu6_isys.isys intel_ipu6.isys.40: stream close time out
[ 4138.333936] intel_ipu6_isys.isys intel_ipu6.isys.40: buffer list not empty, needs isys reset
