sensore gc8034 gc8034 1-0037 /dev/v4l-subdev5 Intel IPU6 CSI2 1 /dev/video8
formato 3264x2448 RGGB bpl 6528 n 6
regs:
0 0xad 0x30
controlli:
exposure: 2246
analogue_gain: 0
vertical_blanking: 48
horizontal_blanking: 1008
pixel_rate: 255909888
timestamp:
4083.441743
4083.477314
4083.520409
4083.544629
4083.562060
4083.603715
4083.645369
4083.687021
4083.728676
4083.770330
4083.811985
4083.853638
4083.895295
4083.936554
4083.978598
4084.020252
4084.042807
4084.061905
4084.103562
4084.145214
4084.186867
4084.228521
4084.246540
4084.264230
4084.311828
4084.353483
4084.395136
4084.436790
4084.478446
4084.520100
4084.561752
4084.603405
4084.645059
4084.686713
4084.728366
4084.751990
4084.770020
4084.811675
4084.853325
4084.894983
4084.936634
4084.978291
4085.019942
4085.061597
4085.103250
4085.140292
4085.186559
4085.206579
4085.228212
4085.269866
4085.311519
4085.335141
4085.353176
4085.394826
4085.436481
4085.478134
4085.519787
4085.561442
4085.603097
4085.644750
4085.686403
4085.728059
4085.769711
4085.811365
4085.853020
4085.894673
4085.936326
4085.977981
4086.019634
4086.061287
4086.102940
4086.144594
4086.186250
4086.227903
4086.269556
4086.311209
4086.352864
4086.394517
4086.436172
4086.477826
4086.519479
4086.561131
4086.602788
4086.644441
4086.686096
4086.727751
4086.769404
4086.811057
4086.852708
4086.894364
4086.936018
4086.977673
4087.019327
4087.060979
4087.102633
4087.144285
4087.185940
4087.227595
4087.269248
4087.310901
4087.352556
4087.394210
4087.435866
4087.477516
4087.519172
4087.560823
4087.602478
4087.644133
4087.685785
4087.727439
4087.748061
4087.769094
4087.810747
4087.834369
4087.852401
4087.894053
4087.935711
4087.957062
4087.977363
4088.019015
4088.060671
4088.102323
4088.143976
4088.185631
4088.227283
4088.268939
4088.292562
4088.310591
4088.352246
4088.393900
4088.435554
4088.477206
4088.518860
4088.560513
4088.597223
4088.643824
4088.667444
4088.685478
4088.727129
4088.768783
4088.810437
4088.829792
4088.849496
4088.893744
4088.935399
4088.953419
4088.977052
4089.018706
4089.060361
4089.102014
4089.143667
4089.185321
4089.226976
4089.268630
4089.310283
4089.351936
4089.393589
4089.435243
4089.476897
4089.518552
4089.560204
4089.601861
4089.643514
4089.685166
4089.726819
4089.768473
4089.810129
4089.851782
4089.893436
4089.935089
4089.976742
4090.018398
4090.060048
4090.101706
4090.143359
4090.185014
4090.226664
4090.268318
4090.309974
4090.351629
4090.393280
4090.434933
4090.476590
4090.518243
4090.559895
4090.601550
4090.643204
4090.681628
4090.726510
4090.768164
4090.809819
4090.851473
4090.893126
4090.931552
4090.976433
4091.018086
4091.059743
4091.101394
4091.140987
4091.184704
4091.226355
4091.268012
4091.309664
4091.351316
4091.392971
4091.434624
4091.476278
4091.517933
4091.559587
4091.601241
4091.642896
4091.684548
4091.726202
4091.767858
4091.809508
4091.851163
4091.892818
4091.934470
4091.976124
4092.017780
4092.059433
4092.101087
4092.142740
4092.177512
4092.226048
4092.267701
4092.309354
4092.351010
4092.392663
4092.434316
4092.475969
4092.517624
4092.559279
4092.600932
4092.642586
4092.684238
4092.725894
4092.767547
4092.809201
4092.850852
4092.868872
4092.892508
4092.934161
4092.975815
4093.017471
4093.059123
4093.100778
4093.142431
4093.184084
4093.225738
4093.267393
4093.308653
4093.350701
4093.392354
4093.434007
4093.475660
4093.517313
4093.558969
4093.600622
4093.642276
4093.683929
4093.725583
4093.767237
4093.808892
4093.850545
4093.892200
4093.930626
4093.975505
4094.017158
4094.058813
4094.081635
4094.100466
4094.142119
4094.183774
4094.204397
4094.225429
4094.267083
4094.308737
4094.350389
4094.392044
4094.433699
4094.475350
4094.498974
4094.517005
4094.539827
4094.558658
4094.600313
4094.641966
4094.683620
4094.725277
4094.766930
4094.808581
4094.850235
4094.891889
4094.915511
4094.933544
4094.958699
4094.975197
4095.016851
4095.058503
4095.100158
4095.141812
4095.183466
4095.225120
4095.266772
4095.306366
4095.350080
4095.391732
4095.433391
4095.475043
4095.516695
4095.558348
4095.600004
4095.641658
4095.683309
4095.724966
4095.766620
4095.808273
4095.849926
4095.891579
4095.933233
4095.974885
4096.016541
4096.058196
4096.099847
4096.141502
4096.183154
4096.224808
4096.266464
4096.290085
4096.308117
4096.349771
4096.391425
4096.433078
4096.474732
4096.516388
4096.558043
4096.599695
4096.641351
4096.683002
4096.724657
4096.766308
4096.807965
4096.846722
4096.873240
4096.891272
4096.932924
4096.974578
4097.016234
4097.057885
4097.094927
4097.141194
4097.182847
4097.224502
4097.266155
4097.307806
4097.349462
4097.391117
4097.432772
4097.474422
4097.516075
4097.557729
4097.599385
4097.641038
4097.682694
4097.724348
4097.766000
4097.807653
4097.849306
4097.890961
4097.932615
4097.974269
4098.015923
4098.057578
4098.099231
4098.140883
4098.182539
[ 4093.165022] intel_ipu6_isys.isys intel_ipu6.isys.40: csi2-1 error: Line sync error
[ 4093.165039] intel_ipu6_isys.isys intel_ipu6.isys.40: csi2-1 error: Inter-frame short packet discarded
[ 4093.165057] intel_ipu6_isys.isys intel_ipu6.isys.40: csi2-1 error: Inter-frame long packet discarded
[ 4093.206492] intel_ipu6_isys.isys intel_ipu6.isys.40: csi2-1 error: Single packet header error corrected
[ 4093.206520] intel_ipu6_isys.isys intel_ipu6.isys.40: csi2-1 error: Multiple packet header errors detected
