sensore gc8034 gc8034 1-0037 /dev/v4l-subdev5 Intel IPU6 CSI2 1 /dev/video8
formato 64x64 RGGB bpl 128 n 6
chiesto 5000 5000 6000 6000
crop Left 3218, Top 2436, Width 64, Height 64
controlli:
exposure: 108
analogue_gain: 0
vertical_blanking: 48
horizontal_blanking: 4208
pixel_rate: 256000000
timestamp:
16246.051868
16246.053602
96.582331
96.582331
96.582332
96.582332
96.582332
96.582332
16246.062906
96.582332
96.582332
96.582332
96.582332
96.582332
96.582332
96.582332
96.582332
96.582332
96.582332
96.582333
96.582333
96.582333
96.582333
96.582333
96.582333
96.582333
96.582333
96.582333
96.582333
96.582333
96.582333
96.582333
96.582333
96.582333
96.582334
16246.100347
16246.102331
16246.104097
16246.105970
16246.106069
16246.107768
96.582334
96.582334
96.582334
96.582334
96.582334
96.582334
96.582334
96.582334
96.582335
96.582334
96.582335
96.582335
96.582335
96.582335
96.582335
96.582335
96.582335
96.582335
96.582335
96.582335
96.582335
96.582335
96.582335
96.582335
96.582336
96.582335
96.582336
96.582336
96.582336
16246.154496
16246.154548
16246.156535
16246.158405
16246.160139
16246.162142
16246.164012
16246.165881
16246.167612
16246.169481
16246.169620
16246.171489
16246.173357
16246.175228
16246.177106
16246.178966
16246.180835
16246.182704
16246.184576
16246.186441
16246.188311
16246.190049
16246.192047
16246.193917
16246.195785
16246.197657
16246.199403
16246.201251
16246.201325
16246.203262
16246.205133
16246.207001
16246.208870
16246.210565
96.582338
96.582338
96.582339
96.582339
96.582338
96.582338
96.582338
96.582338
96.582338
96.582339
96.582339
