sensore gc8034 gc8034 1-0037 /dev/v4l-subdev5 Intel IPU6 CSI2 1 /dev/video8
formato 64x64 RGGB bpl 128 n 6
chiesto 0 0 64 64
crop Left 0, Top 0, Width 64, Height 64
controlli:
exposure: 108
analogue_gain: 0
vertical_blanking: 48
horizontal_blanking: 4208
pixel_rate: 256000000
timestamp:
16216.874334
16216.876200
16216.877970
16216.879937
16216.881677
16216.883514
16216.885543
16216.887423
16216.889224
16216.889289
16216.891156
16216.893021
16216.894782
16216.896759
16216.898499
16216.900499
16216.902252
16216.904238
16216.906105
16216.907853
16216.909842
16216.911714
16216.913582
16216.915320
16216.917320
16216.919060
16216.921056
16216.922797
16216.924794
16216.926663
16216.928402
16216.930246
16216.930416
16216.932137
16216.933985
16216.934140
16216.936010
16216.937880
16216.939748
16216.941616
16216.943485
16216.945357
16216.947094
16216.949094
16216.950884
16216.950963
16216.952832
16216.954655
16216.954720
16216.956442
16216.958303
16216.958444
16216.960307
16216.962042
16216.963924
16216.964072
16216.965782
96.581084
16216.967707
96.581084
96.581084
96.581084
96.581084
96.581084
96.581084
96.581084
96.581084
96.581084
96.581084
96.581084
96.581084
96.581084
96.581084
96.581084
96.581084
96.581084
96.581084
96.581085
96.581085
96.581085
96.581085
96.581085
96.581085
96.581085
96.581085
96.581085
96.581085
96.581085
96.581085
96.581085
96.581085
96.581085
96.581085
96.581085
16217.005046
16217.006918
16217.007078
16217.008779
16217.010640
16217.010776
16217.012641
16217.014512
16217.016388
16217.018113
16217.019978
16217.020142
16217.021989
16217.023856
16217.025607
16217.027447
16217.027619
16217.029464
16217.031335
16217.033202
16217.034937
16217.036940
16217.038695
16217.040539
16217.040616
