sensore gc8034 gc8034 1-0037 /dev/v4l-subdev5 Intel IPU6 CSI2 1 /dev/video8
formato 128x64 RGGB bpl 256 n 6
chiesto 1200 900 128 64
crop Left 1200, Top 900, Width 128, Height 64
controlli:
exposure: 108
analogue_gain: 0
vertical_blanking: 2432
horizontal_blanking: 4144
pixel_rate: 256000000
timestamp:
16377.408150
16377.449803
16377.451548
16377.533110
16377.574765
16377.616417
16377.618155
16377.699723
16377.741380
16377.743124
96.587979
96.587982
16377.826447
16377.868045
16377.868070
96.587984
96.587986
96.587986
96.587987
96.587989
96.587991
96.587991
96.587993
96.587993
96.587995
96.587995
96.587997
96.587998
96.587999
96.588000
96.588000
96.588002
96.588004
96.588006
96.588007
96.588007
96.588009
96.588009
96.588010
96.588011
96.588013
96.588013
96.588014
96.588016
96.588018
96.588020
96.588022
96.588024
96.588025
96.588026
96.588027
96.588029
96.588029
16378.951052
96.588031
96.588033
96.588033
96.588034
96.588036
16379.076055
96.588036
96.588038
96.588040
96.588041
96.588043
96.588044
16379.284320
16379.326013
16379.365877
16379.367649
16379.409302
16379.449186
16379.450938
16379.492558
16379.532493
16379.534225
16379.575858
16379.615801
16379.657455
16379.659187
16379.699107
16379.740763
16379.782414
16379.824069
16379.865722
16379.907376
16379.909121
16379.950764
16379.990683
16379.992499
16380.032336
16380.073994
16380.075745
16380.157296
16380.198953
16380.240604
16380.242438
16380.282261
16380.323913
16380.325742
16380.365570
16380.367305
16380.408923
16380.448876
16380.450617
16380.532182
16380.533933
16380.615491
16380.657146
16380.698798
16380.740454
16380.742188
16380.823759
16380.825501
16380.867185
16380.907069
16380.948722
16380.950471
16381.032028
16381.033859
16381.073684
16381.075446
16381.117051
16381.156992
16381.158726
16381.200354
16381.281950
16381.323604
16381.365256
16381.367008
16381.408637
16381.448567
16381.490220
16381.531874
16381.573526
16381.615181
16381.616968
16381.658539
16381.740142
16381.781797
16381.783536
16381.865104
16381.866818
