sensore gc8034 gc8034 1-0037 /dev/v4l-subdev5 Intel IPU6 CSI2 1 /dev/video8
formato 256x256 RGGB bpl 512 n 6
chiesto 1200 900 256 256
crop Left 1200, Top 900, Width 256, Height 256
controlli:
exposure: 300
analogue_gain: 0
vertical_blanking: 2240
horizontal_blanking: 4016
pixel_rate: 256000000
timestamp:
16408.514445
16408.556099
16408.597749
16408.639405
16408.681057
16408.722710
16408.764365
16408.769326
16408.847674
16408.852619
16408.930981
16408.972635
16409.014288
16409.055943
16409.097598
16409.139250
16409.180904
16409.222558
16409.264210
16409.305865
16409.347519
16409.389171
16409.430826
16409.435780
16409.514132
16409.519087
16409.597439
16409.639094
16409.680749
16409.722403
16409.764057
16409.768999
16409.847364
16409.889017
16409.893972
16409.935600
16409.972324
16409.977285
16410.018909
16410.055635
16410.097288
16410.138942
16410.180595
16410.185543
16410.263900
16410.305557
16410.347211
16410.352154
16410.430515
16410.435460
16410.513823
16410.555477
16410.597131
16410.638788
16410.680441
16410.685377
16410.763748
16410.805401
16410.847055
16410.851999
16410.930362
16410.972018
16411.013671
16411.055323
16411.096979
16411.101915
16411.180283
16411.185226
16411.263592
16411.305248
16411.346900
16411.351840
16411.430207
16411.471862
16411.513515
16411.555170
16411.596822
16411.638476
16411.680130
16411.721784
16411.763440
16411.768373
16411.846745
16411.888399
16411.893342
16411.935008
16411.971706
16411.976650
16412.018297
16412.055016
16412.096667
16412.138322
16412.143262
16412.184908
16412.221629
16412.263283
16412.304937
16412.309878
16412.388243
16412.429898
16412.471553
16412.513206
16412.554862
16412.596513
16412.638168
16412.643104
16412.684734
16412.721476
16412.726436
16412.768036
16412.804783
16412.846438
16412.888092
16412.929743
16412.934710
16413.013050
16413.054705
16413.096361
16413.138015
16413.142953
16413.221319
16413.262976
16413.304627
16413.309569
16413.387935
16413.392879
16413.471243
16413.512899
16413.517852
16413.596203
16413.637860
16413.679514
16413.721167
16413.762822
16413.804474
16413.809412
16413.887780
16413.929434
16413.971088
16414.012746
16414.054398
16414.059332
16414.101001
16414.137705
16414.179359
16414.221014
16414.262664
16414.304321
16414.309275
16414.387627
16414.392573
16414.434194
16414.470936
16414.512589
16414.554243
16414.595897
16414.600834
16414.679203
16414.684155
16414.725781
16414.762511
16414.767446
16414.845817
16414.850760
16414.929127
16414.970781
16414.975717
16415.017375
16415.054088
16415.059029
16415.100647
16415.137394
16415.142330
16415.220700
16415.262356
16415.304009
16415.308959
16415.350609
16415.387316
16415.428970
16415.470625
16415.475563
16415.517235
16415.553933
16415.595587
16415.600527
16415.642162
16415.678895
16415.720550
16415.762202
16415.767139
16415.845507
16415.887164
16415.892100
16415.970470
16416.012126
16416.053778
16416.058719
16416.137086
16416.178738
16416.183677
16416.262044
16416.266990
16416.345352
16416.387009
16416.428663
16416.470317
16416.511970
16416.553625
16416.558559
16416.636929
16416.678587
16416.720238
16416.725178
16416.803546
16416.845202
16416.886855
16416.928507
16416.970162
16417.011814
16417.053470
16417.058409
16417.136776
16417.178430
16417.220085
16417.261738
16417.303393
16417.345047
16417.386700
16417.428354
16417.470007
16417.474924
16417.553315
16417.594969
16417.636623
16417.678275
16417.719930
16417.761582
16417.803237
16417.844889
16417.849828
16417.928196
16417.969854
16418.011506
16418.053161
16418.094815
16418.136466
16418.178123
16418.183058
16418.261429
16418.303083
