sensore gc8034 gc8034 1-0037 /dev/v4l-subdev5 Intel IPU6 CSI2 1 /dev/video8
formato 256x64 RGGB bpl 512 n 6
chiesto 1200 900 256 64
crop Left 1200, Top 900, Width 256, Height 64
controlli:
exposure: 108
analogue_gain: 0
vertical_blanking: 2432
horizontal_blanking: 4016
pixel_rate: 256000000
timestamp:
16384.116069
16384.117803
16384.199372
16384.241029
16384.242779
16384.324334
16384.365991
16384.407643
16384.449300
16384.490950
16384.532606
16384.574257
16384.575994
16384.657563
16384.699219
16384.740872
16384.782526
16384.784268
16384.865834
16384.907489
16384.909226
16384.990796
16385.032449
16385.034189
16385.115757
16385.117501
16385.199065
16385.200810
16385.282371
16385.324027
16385.365682
16385.407335
16385.448987
16385.450724
16385.492353
16385.532294
16385.573951
16385.575682
16385.657257
16385.698911
16385.700645
16385.782219
16385.823871
16385.865527
16385.907180
16385.948835
16385.990487
16386.032141
16386.073798
16386.075534
16386.157100
16386.198757
16386.240410
16386.282063
16386.323719
16386.365373
16386.407024
16386.448678
16386.490332
16386.531986
16386.573639
16386.615296
16386.656950
16386.698601
16386.740257
16386.781908
16386.823563
16386.865220
16386.867008
16386.906873
16386.948525
16386.950276
16387.031830
16387.073485
16387.075200
16387.156793
16387.198449
16387.200182
