sensore gc8034 gc8034 1-0037 /dev/v4l-subdev5 Intel IPU6 CSI2 1 /dev/video8
formato 64x256 RGGB bpl 128 n 6
chiesto 1200 900 64 256
crop Left 1200, Top 900, Width 64, Height 256
controlli:
exposure: 300
analogue_gain: 0
vertical_blanking: 2240
horizontal_blanking: 4208
pixel_rate: 256000000
timestamp:
16391.620073
16391.661725
16391.666674
16391.708286
16391.745033
16391.750003
16391.791667
16391.828343
16391.869996
16391.874963
16391.916585
16391.953304
16391.994957
16392.036610
16392.041552
16392.119919
16392.124890
16392.203224
16392.244879
16392.249831
16392.328187
16392.369841
16392.374741
96.588608
96.588608
96.588610
96.588610
96.588612
96.588614
96.588616
96.588615
96.588617
96.588619
96.588619
96.588621
96.588623
16392.749679
16392.828032
16392.869688
16392.874623
16392.952994
16392.994646
16393.036301
16393.077956
16393.082894
16393.124529
16393.161263
16393.166202
16393.244569
16393.249515
16393.327878
16393.369532
16393.411185
16393.452841
16393.494492
16393.499452
16393.577799
16393.619454
16393.661108
16393.702762
16393.744415
16393.786071
16393.827724
16393.869376
16393.911033
16393.952686
16393.957622
16394.035990
16394.077648
16394.082634
16394.160951
16394.165894
16394.244261
16394.249201
16394.290887
16394.327570
16394.369222
16394.410875
16394.452531
16394.457474
16394.499116
16394.535838
16394.540777
16394.582472
16394.619146
16394.660800
16394.702452
16394.744107
16394.785761
16394.827416
16394.869068
16394.874006
16394.910722
16394.952374
16394.994029
16395.035684
16395.040620
16395.118994
16395.160645
16395.165587
16395.207208
16395.285608
16395.327260
16395.368914
16395.410568
16395.452224
16395.457160
16395.498784
16395.540520
16395.577184
16395.618836
16395.660489
16395.665520
16395.702145
16395.707043
96.588751
96.588753
96.588755
96.588756
96.588758
96.588760
96.588760
96.588762
96.588762
96.588763
96.588764
96.588765
96.588765
96.588767
96.588768
96.588769
96.588770
96.588771
96.588772
96.588774
96.588776
96.588776
96.588777
96.588778
16396.415160
96.588779
96.588782
96.588782
96.588783
96.588783
96.588785
16396.540188
16396.581806
16396.618527
16396.623480
16396.665111
16396.701836
16396.743489
16396.748439
16396.790113
16396.826797
16396.868452
16396.873421
16396.951756
16396.993411
16397.035067
16397.076721
16397.081710
16397.118373
16397.160027
16397.164962
16397.243335
16397.284989
16397.326642
16397.331587
16397.409947
16397.451604
16397.456567
16397.498208
16397.534910
16397.539903
16397.618218
16397.623158
16397.664802
16397.701525
16397.706549
16397.743180
16397.748193
16397.784833
16397.826488
16397.831495
16397.868140
16397.909795
16397.914733
16397.956411
16397.993101
16398.034758
16398.039695
16398.081390
16398.118065
16398.123020
16398.201372
16398.243027
16398.247991
16398.289626
16398.326332
16398.367986
16398.372997
16398.409642
16398.451294
16398.456231
16398.534601
16398.539619
16398.576257
16398.617909
16398.659565
16398.701216
16398.706152
16398.747851
16398.784526
16398.826179
16398.867831
16398.872773
16398.914435
16398.951139
16398.956103
16399.034447
16399.076100
16399.117755
16399.159410
16399.201062
16399.206010
16399.284371
16399.326022
16399.367679
16399.372651
16399.450983
16399.492637
16399.534292
16399.539245
16399.580922
16399.617601
16399.659254
16399.664192
16399.742561
16399.784217
16399.789114
96.588926
96.588928
96.588930
96.588930
96.588931
96.588933
96.588935
96.588935
96.588937
96.588937
96.588939
96.588941
96.588941
96.588942
96.588943
96.588944
96.588944
96.588945
96.588945
96.588947
96.588949
96.588951
96.588953
96.588954
16400.497292
16400.575638
16400.580587
16400.658942
16400.663889
16400.705505
16400.742254
16400.783905
16400.788863
16400.867212
16400.908868
16400.913807
16400.992172
16400.997126
16401.075480
16401.117138
16401.158789
16401.200442
16401.242098
16401.283753
16401.325404
16401.367060
16401.372000
16401.413694
16401.450366
16401.455303
16401.496964
16401.533676
16401.575327
16401.616982
16401.658636
16401.663573
16401.741944
16401.783597
16401.825251
16401.830191
16401.908559
16401.950213
16401.991867
16401.996805
16402.075172
16402.116828
16402.158482
16402.163418
16402.241787
16402.283441
16402.325097
16402.366749
16402.371689
16402.450058
16402.454998
16402.533365
16402.538320
16402.616672
16402.621659
16402.699978
16402.741633
16402.783287
16402.824943
16402.866598
16402.908248
16402.913206
16402.991556
16402.996497
16403.074863
16403.116517
16403.121490
16403.163143
16403.199826
16403.241481
16403.283132
16403.324788
16403.366440
16403.371385
16403.449746
16403.491401
16403.533055
16403.574710
16403.579648
16403.658016
16403.662989
16403.704581
16403.741326
16403.782978
16403.787916
16403.866286
16403.907940
16403.912838
96.589103
16403.954568
16403.996229
16404.032903
16404.037844
16404.079541
16404.116210
16404.121148
16404.199516
16404.204458
16404.282824
16404.324479
16404.329417
16404.371108
16404.407787
16404.412721
16404.491091
16404.532747
16404.537775
16404.574401
16404.579355
16404.620986
16404.657707
16404.699362
16404.704328
16404.782667
16404.787699
16404.824324
16404.829260
16404.907631
16404.949286
16404.954226
16404.995910
16405.032593
16405.037532
16405.115899
16405.120842
16405.162504
16405.199208
16405.240859
16405.282516
16405.324169
16405.365824
16405.407477
16405.449133
16405.454161
16405.490784
16405.495795
16405.532438
16405.574091
16405.579052
16405.657397
16405.662346
16405.740707
16405.745661
16405.787343
16405.824015
16405.865670
16405.907324
16405.948978
16405.953956
16406.032282
16406.073936
16406.078892
16406.157245
16406.198897
16406.203844
16406.282206
16406.287150
16406.365515
16406.370457
