sensore gc8034 gc8034 1-0037 /dev/v4l-subdev5 Intel IPU6 CSI2 1 /dev/video8
formato 64x64 RGGB bpl 128 n 6
chiesto 1200 900 64 64
crop Left 1200, Top 900, Width 64, Height 64
controlli:
exposure: 108
analogue_gain: 0
vertical_blanking: 2432
horizontal_blanking: 4208
pixel_rate: 256000000
timestamp:
16373.427992
16373.469645
16373.471432
16373.552950
16373.554689
16373.636258
16373.638076
16373.677912
16373.719565
16373.761219
16373.802874
16373.804628
16373.846257
16373.846334
16373.927835
16373.969490
16373.971243
16374.012852
16374.012929
16374.054578
16374.094451
16374.136106
16374.137852
16374.219411
16374.221154
16374.302718
16374.344374
16374.346113
16374.427681
16374.429423
96.587837
96.587840
96.587842
96.587842
96.587842
96.587845
96.587847
96.587849
16374.762605
16374.802567
16374.844218
16374.885873
16374.927528
16374.929262
16375.010833
16375.052488
16375.054223
16375.095864
16375.135794
16375.137528
16375.179164
16375.219105
16375.260756
16375.302413
16375.304200
16375.344063
16375.385718
16375.387456
