sensore gc8034 gc8034 1-0037 /dev/v4l-subdev5 Intel IPU6 CSI2 1 /dev/video8
formato 256x480 RGGB bpl 512 n 6
chiesto 1200 900 256 480
crop Left 1200, Top 900, Width 256, Height 480
controlli:
exposure: 524
analogue_gain: 0
vertical_blanking: 48
horizontal_blanking: 4016
pixel_rate: 256000000
timestamp:
16485.831727
16485.848819
16485.857486
16485.866432
16485.875249
16485.884065
16485.892868
16485.901679
16485.910362
16485.919303
16485.928113
16485.936926
16485.945737
16485.954548
16485.963360
16485.972171
16485.980981
16485.989792
16485.998611
16486.007284
16486.016226
16486.025040
16486.033851
16486.042664
16486.051475
16486.060152
16486.069096
16486.077906
16486.086717
16486.095528
16486.104344
16486.113154
16486.121966
16486.130776
16486.139590
16486.148267
16486.157210
16486.166021
16486.174832
16486.183487
16486.192454
16486.201266
16486.210079
16486.218890
16486.227700
16486.236393
16486.245321
16486.254000
16486.262944
16486.271767
16486.280569
16486.289381
16486.298191
16486.307004
16486.315815
16486.324626
16486.333300
16486.342249
16486.351059
16486.359871
16486.368683
16486.377495
16486.386307
16486.395116
16486.403930
16486.412740
16486.421552
16486.430363
16486.439174
16486.447984
16486.456683
16486.465607
16486.474420
16486.483232
16486.492043
16486.500854
16486.509666
16486.518476
16486.527219
16486.536099
16486.544912
16486.553721
16486.562398
16486.571343
16486.580165
16486.588811
16486.597777
16486.606591
16486.615401
16486.624212
16486.633024
16486.641835
16486.650649
16486.659459
16486.668269
16486.677082
16486.685892
16486.694703
16486.703517
16486.712325
16486.721138
16486.729951
16486.738762
16486.747442
16486.756383
16486.765196
16486.774005
16486.782687
16486.791628
16486.800442
16486.809253
16486.818066
16486.826873
16486.835685
16486.844496
16486.853308
16486.861983
16486.870774
16486.879742
16486.888554
16486.897364
16486.906181
16486.914996
16486.923799
16486.932473
16486.941420
16486.950233
16486.959054
16486.967859
16486.976666
16486.985479
16486.994291
16487.003103
16487.011914
16487.020725
16487.029539
16487.038209
16487.047159
16487.055969
16487.064780
16487.073592
16487.082411
16487.091216
16487.100031
16487.108846
16487.117651
16487.126461
16487.135273
16487.143948
16487.152895
16487.161583
16487.170518
16487.179331
16487.188140
16487.196952
16487.205763
16487.214575
16487.223386
16487.232198
16487.241009
16487.249822
16487.258631
16487.267442
16487.276256
16487.285067
16487.293886
16487.302691
16487.311500
16487.320310
16487.329000
16487.337934
16487.346747
16487.355556
16487.364370
16487.373180
16487.381991
16487.390805
16487.399613
16487.408303
16487.417234
16487.426048
16487.434858
16487.443678
16487.452345
16487.461292
16487.470106
16487.478918
16487.487600
16487.496539
16487.505351
16487.514162
16487.522971
16487.531784
16487.540595
16487.549274
16487.558218
16487.567029
16487.575840
16487.584536
16487.593324
16487.602119
16487.611087
16487.619760
16487.628707
16487.637521
16487.646332
16487.655145
16487.663956
16487.672765
16487.681578
16487.690390
16487.699199
16487.708012
16487.716824
16487.725635
16487.734327
16487.743256
16487.752077
16487.760882
16487.769698
16487.778503
16487.787321
16487.796126
16487.804938
16487.813748
16487.822561
16487.831370
16487.840049
16487.848992
16487.857672
16487.866615
16487.875430
16487.884240
16487.893050
16487.901863
16487.910676
16487.919332
16487.928296
16487.937109
16487.945921
16487.954736
16487.963551
16487.972355
16487.981009
16487.989976
16487.998789
16488.007598
16488.016412
16488.025220
16488.034040
16488.042844
16488.051655
16488.060469
16488.069280
16488.078089
16488.086903
16488.095713
16488.104525
16488.113335
16488.122146
16488.130844
16488.139771
16488.148582
16488.157392
16488.166204
16488.175017
16488.183826
16488.192645
16488.201292
16488.210259
16488.219074
16488.227884
16488.236695
16488.245368
16488.254316
16488.263129
16488.271941
16488.280614
16488.289563
16488.298373
16488.307190
16488.315998
16488.324808
16488.333622
16488.342432
16488.351242
16488.360054
16488.368865
16488.377679
16488.386493
16488.395301
16488.404112
16488.412923
16488.421733
16488.430547
16488.439363
16488.448167
16488.456981
16488.465792
16488.474601
16488.483288
16488.492223
16488.501038
16488.509848
16488.518664
16488.527475
16488.536143
16488.545092
16488.553904
16488.562716
16488.571536
16488.580349
16488.589156
16488.597803
16488.606653
16488.615584
16488.624403
16488.633208
16488.642017
16488.650829
16488.659640
16488.668454
16488.677128
16488.686075
16488.694887
16488.703565
16488.712508
16488.721187
16488.730130
16488.738810
16488.747754
16488.756567
16488.765387
16488.774055
16488.783000
16488.791811
16488.800624
16488.809433
16488.818247
16488.827055
16488.835867
16488.844679
16488.853334
16488.862303
16488.871115
16488.879788
16488.888735
16488.897549
16488.906361
16488.915172
16488.923991
16488.932792
16488.941468
16488.950415
16488.959228
16488.967958
16488.976849
16488.985663
16488.994476
16489.003292
16489.012099
16489.020916
16489.029721
16489.038531
16489.047342
16489.056154
16489.064965
16489.073784
16489.082592
16489.091398
16489.100211
16489.109021
16489.117700
16489.126646
16489.135456
16489.144268
16489.153079
16489.161896
16489.170567
16489.179512
16489.188325
16489.196980
16489.205946
16489.214623
16489.223568
16489.232380
16489.241190
16489.250003
16489.258815
16489.267626
16489.276438
16489.285249
16489.294060
16489.302873
16489.311682
16489.320494
16489.329152
16489.338115
16489.346927
16489.355742
16489.364435
16489.373363
16489.382181
16489.390861
16489.399794
16489.408608
16489.417421
16489.426231
16489.435043
16489.443855
16489.452674
16489.461484
16489.470287
16489.478965
16489.487911
16489.496722
16489.505534
16489.514208
16489.523155
16489.531834
16489.540639
16489.549589
16489.558400
16489.567215
16489.576025
16489.584836
16489.593648
16489.602460
16489.611155
16489.620080
16489.628894
16489.637569
16489.646513
16489.655195
16489.664136
16489.672827
16489.681759
16489.690445
16489.699383
16489.708062
16489.717004
16489.725824
16489.734492
16489.743441
16489.752252
16489.761065
16489.769875
16489.778686
16489.787498
16489.796174
16489.805119
16489.813934
16489.822743
16489.831554
16489.840367
16489.849182
16489.857987
16489.866798
16489.875476
16489.884421
16489.893233
16489.902045
16489.910857
16489.919670
16489.928480
16489.937292
16489.946103
16489.954915
16489.963725
16489.972536
16489.981346
16489.990166
16489.998837
16490.007781
16490.016592
16490.025406
16490.034217
16490.042905
16490.051836
16490.060650
16490.069460
16490.078272
16490.087086
16490.095771
16490.104704
16490.113385
16490.122329
16490.131142
16490.139952
16490.148763
16490.157575
16490.166387
16490.175196
16490.183873
16490.192818
16490.201631
16490.210444
16490.219120
16490.228065
16490.236878
16490.245688
16490.254501
16490.263319
16490.272124
16490.280934
16490.289746
16490.298557
16490.307234
16490.316018
16490.324989
16490.333801
16490.342615
16490.351294
16490.360236
16490.369049
16490.377861
16490.386671
16490.395481
16490.404224
16490.412987
16490.421753
16490.430728
16490.439541
16490.448350
16490.457032
16490.465841
16490.474782
16490.483596
16490.492408
16490.501220
16490.509893
16490.518698
16490.527651
16490.536463
16490.545276
16490.554087
16490.562899
16490.571708
16490.580521
16490.589331
16490.598145
16490.606955
16490.615773
16490.624579
16490.633390
16490.642201
16490.650901
16490.659825
16490.668527
16490.677445
16490.686257
16490.694935
16490.703880
16490.712692
16490.721381
16490.730201
16490.738955
16490.747937
16490.756613
16490.765558
16490.774370
16490.783182
16490.791996
16490.800807
16490.809618
16490.818293
16490.827085
16490.836051
16490.844729
16490.853551
16490.862483
16490.871139
16490.880109
16490.888928
16490.897731
16490.906550
16490.915353
16490.924030
16490.932838
16490.941783
16490.950601
16490.959274
16490.968224
16490.977035
16490.985845
16490.994658
16491.003350
16491.012278
16491.021091
16491.029901
16491.038714
16491.047525
16491.056336
16491.065149
16491.073959
16491.082771
16491.091591
16491.100394
16491.109205
16491.118016
16491.126827
16491.135638
16491.144450
16491.153261
16491.162071
16491.170727
16491.179692
16491.188508
16491.197181
16491.206127
16491.214817
16491.223751
16491.232562
16491.241374
16491.250190
16491.258859
16491.267809
16491.276628
16491.285434
16491.294243
16491.303053
16491.311865
16491.320685
16491.329488
16491.338299
16491.346974
16491.355921
16491.364736
16491.373550
16491.382357
16491.391167
16491.399980
16491.408800
16491.417467
16491.426412
16491.435225
16491.444042
16491.452850
16491.461658
16491.470472
16491.479282
16491.488095
16491.496767
16491.505714
16491.514526
16491.523343
16491.532151
16491.540961
16491.549772
16491.558586
16491.567263
16491.576082
16491.584877
16491.593829
16491.602646
16491.611454
16491.620267
16491.629074
16491.637888
16491.646562
16491.655507
16491.664322
16491.673133
16491.681944
16491.690599
16491.699564
16491.708263
16491.717189
16491.726000
16491.734815
16491.743630
16491.752434
16491.761249
16491.770063
16491.778871
16491.787547
16491.796493
16491.805304
16491.814114
16491.822924
16491.831736
16491.840557
16491.849363
16491.858178
16491.866984
16491.875793
16491.884607
16491.893417
16491.902229
16491.910905
16491.919711
16491.928515
16491.937340
16491.946286
16491.955098
16491.963907
16491.972588
16491.981529
16491.990340
16491.999152
16492.007966
