sensore gc8034 gc8034 1-0037 /dev/v4l-subdev5 Intel IPU6 CSI2 1 /dev/video8
formato 320x480 RGGB bpl 640 n 6
chiesto 1200 900 320 480
crop Left 1200, Top 900, Width 320, Height 480
controlli:
exposure: 524
analogue_gain: 0
vertical_blanking: 48
horizontal_blanking: 3952
pixel_rate: 256000000
timestamp:
16494.289849
16494.298657
16494.307468
16494.316283
16494.324958
16494.333901
16494.342717
16494.351532
16494.360343
16494.369150
16494.377851
16494.386772
16494.395451
16494.404394
16494.413205
16494.422018
16494.430830
16494.439506
16494.448450
16494.457264
16494.466075
16494.474886
16494.483647
16494.492506
16494.501185
16494.510130
16494.518951
16494.527764
16494.536574
16494.545383
16494.554192
16494.563007
16494.571811
16494.580621
16494.589303
16494.598244
16494.607063
16494.615869
16494.624680
16494.633489
16494.642302
16494.650974
16494.659800
16494.668565
16494.677546
16494.686358
16494.695034
16494.703821
16494.712792
16494.721603
16494.730417
16494.739227
16494.747902
16494.756851
16494.765660
16494.774480
16494.783283
16494.792097
16494.800907
16494.809719
16494.818529
16494.827340
16494.836153
16494.844852
16494.853774
16494.862587
16494.871397
16494.880071
16494.889019
16494.897830
16494.906643
16494.915326
16494.924263
16494.933078
16494.941895
16494.950701
16494.959511
16494.968324
16494.976997
16494.985944
16494.994756
16495.003572
16495.012241
16495.021190
16495.030000
16495.038815
16495.047630
16495.056436
16495.065249
16495.074063
16495.082751
16495.091682
16495.100500
16495.109171
16495.118013
16495.126927
16495.135739
16495.144549
16495.153360
16495.162053
16495.170982
16495.179663
16495.188606
16495.197420
16495.206228
16495.215050
16495.223857
16495.232664
16495.241340
16495.250172
16495.259096
16495.267789
16495.276720
16495.285539
16495.294350
16495.303162
16495.311967
16495.320777
16495.329590
16495.338410
16495.347214
16495.356025
16495.364836
16495.373544
16495.382458
16495.391268
16495.400081
16495.408893
16495.417574
16495.426514
16495.435326
16495.444136
16495.452949
16495.461761
16495.470572
16495.479384
16495.488197
16495.497013
16495.505816
16495.514626
16495.523439
16495.532251
16495.541063
16495.549874
16495.558683
16495.567500
16495.576306
16495.585120
16495.593932
16495.602744
16495.611429
16495.620364
16495.629180
16495.637988
16495.646682
16495.655611
16495.664420
16495.673232
16495.682047
16495.690855
16495.699668
16495.708477
16495.717160
16495.726102
16495.734913
16495.743723
16495.752535
16495.761345
16495.770158
16495.778969
16495.787790
16495.796594
16495.805407
16495.814078
16495.823024
16495.831839
16495.840649
16495.849325
16495.858273
16495.866963
16495.875894
16495.884705
16495.893384
16495.902328
16495.911140
16495.919959
16495.928763
16495.937577
16495.946281
16495.955196
16495.964012
16495.972819
16495.981632
16495.990443
16495.999255
16496.008066
16496.016875
16496.025688
16496.034498
16496.043310
16496.052122
16496.060933
16496.069753
16496.078419
16496.087270
16496.096177
16496.104997
16496.113803
16496.122614
16496.131288
16496.140235
16496.149048
16496.157863
16496.166669
16496.175483
16496.184293
16496.193037
16496.201916
16496.210728
16496.219540
16496.228358
16496.237169
16496.245972
16496.254782
16496.263595
16496.272405
16496.281217
16496.290029
16496.298758
16496.307651
16496.316464
16496.325138
16496.334086
16496.342764
16496.351707
16496.360518
16496.369330
16496.378146
16496.386955
16496.395764
16496.404578
16496.413273
16496.422198
16496.431012
16496.439822
16496.448636
16496.457447
16496.466257
16496.475068
16496.483881
16496.492690
16496.501511
16496.510316
16496.519131
16496.527938
16496.536747
16496.545561
16496.554371
16496.563182
16496.571868
16496.580678
16496.589457
16496.598427
16496.607237
16496.616050
16496.624865
16496.633677
16496.642484
16496.651297
16496.659974
16496.668917
16496.677731
16496.686541
16496.695353
16496.704169
16496.712975
16496.721787
16496.730599
16496.739276
16496.748221
16496.756898
16496.765841
16496.774662
16496.783465
16496.792120
16496.800995
16496.809898
16496.818712
16496.827521
16496.836337
16496.845024
16496.853956
16496.862770
16496.871581
16496.880392
16496.889212
16496.898015
16496.906837
16496.915646
16496.924328
16496.933259
16496.942070
16496.950884
16496.959560
16496.968505
16496.977316
16496.986128
16496.994939
16497.003758
16497.012567
16497.021374
16497.030183
16497.038995
16497.047808
16497.056487
16497.065429
16497.074240
16497.083054
16497.091865
16497.100686
16497.109490
16497.118298
16497.126954
16497.135919
16497.144732
16497.153551
16497.162362
16497.171030
16497.179868
16497.188789
16497.197610
16497.206415
16497.215228
16497.224035
16497.232845
16497.241659
16497.250475
16497.259143
16497.268091
16497.276903
16497.285714
16497.294413
16497.303338
16497.312016
16497.320961
16497.329776
16497.338590
16497.347404
16497.356210
16497.365023
16497.373828
16497.382639
16497.391452
16497.400265
16497.409074
16497.417886
16497.426707
16497.435508
16497.444328
16497.453132
16497.461951
16497.470754
16497.479567
16497.488376
16497.497189
16497.505999
16497.514812
16497.523516
16497.532433
16497.541252
16497.550058
16497.558868
16497.567547
16497.576489
16497.585302
16497.593960
16497.602924
16497.611735
16497.620548
16497.629370
16497.638171
16497.646982
16497.655661
16497.664604
16497.673415
16497.682228
16497.691037
16497.699849
16497.708661
16497.717471
16497.726295
16497.735097
16497.743906
16497.752720
16497.761531
16497.770347
16497.779152
16497.787971
16497.796775
16497.805597
16497.814397
16497.823210
16497.832021
16497.840833
16497.849641
16497.858455
16497.867134
16497.875949
16497.884889
16497.893706
16497.902511
16497.911333
16497.920134
16497.928835
16497.937757
16497.946570
16497.955378
16497.964059
16497.973000
16497.981813
16497.990626
16497.999325
16498.008248
16498.017058
16498.025871
16498.034549
16498.043385
16498.052303
16498.061118
16498.069928
16498.078744
16498.087419
16498.096359
16498.105109
16498.113859
16498.122795
16498.131609
16498.140428
16498.149232
16498.157909
16498.166853
16498.175663
16498.184476
16498.193157
16498.202096
16498.210916
16498.219721
16498.228531
16498.237344
16498.246035
16498.254967
16498.263779
16498.272591
16498.281402
16498.290213
16498.299023
16498.307705
16498.316500
16498.325457
16498.334268
16498.343080
16498.351760
16498.360703
16498.369395
16498.378326
16498.387139
16498.395952
16498.404759
16498.413578
16498.422384
16498.431205
16498.440006
16498.448825
16498.457627
16498.466438
16498.475250
16498.484063
16498.492873
16498.501684
16498.510497
16498.519177
16498.528120
16498.536935
16498.545620
16498.554554
16498.563370
16498.572178
16498.580986
16498.589798
16498.598610
16498.607422
16498.616102
16498.625044
16498.633729
16498.642509
16498.651479
16498.660299
16498.669102
16498.677922
16498.686726
16498.695534
16498.704356
16498.713028
16498.721970
16498.730780
16498.739459
16498.748402
16498.757215
16498.766025
16498.774836
16498.783524
16498.792331
16498.801271
16498.810082
16498.818758
16498.827706
16498.836517
16498.845331
16498.853984
16498.862952
16498.871765
16498.880577
16498.889328
16498.898101
16498.907007
16498.915821
16498.924631
16498.933444
16498.942255
16498.950955
16498.959874
16498.968689
16498.977503
16498.986318
16498.995123
16499.003934
16499.012747
16499.021555
16499.030366
16499.039184
16499.047990
16499.056800
16499.065614
16499.074431
16499.083098
16499.092046
16499.100862
16499.109670
16499.118483
16499.127293
16499.136113
16499.144922
16499.153726
16499.162538
16499.171352
16499.180160
16499.188840
16499.197784
16499.206465
16499.215406
16499.224217
16499.233028
16499.241847
16499.250651
16499.259463
16499.268275
16499.277087
16499.285897
16499.294711
16499.303519
16499.312197
16499.321027
16499.329953
16499.338767
16499.347582
16499.356396
16499.365202
16499.374013
16499.382823
16499.391636
16499.400447
16499.409261
16499.418067
16499.426884
16499.435693
16499.444504
16499.453189
16499.462123
16499.470938
16499.479613
16499.488557
16499.497373
16499.506183
16499.514995
16499.523805
16499.532617
16499.541429
16499.550239
16499.559051
16499.567861
16499.576571
16499.585485
16499.594297
16499.603109
16499.611918
16499.620729
16499.629543
16499.638217
16499.647163
16499.655976
16499.664787
16499.673597
16499.682410
16499.691223
16499.700031
16499.708844
16499.717524
16499.726466
16499.735278
16499.744089
16499.752910
16499.761714
16499.770531
16499.779237
16499.788146
16499.796959
16499.805772
16499.814579
16499.823258
16499.832203
16499.841013
16499.849825
16499.858504
16499.867449
16499.876270
16499.885076
16499.893883
16499.902695
16499.911373
16499.920315
16499.929127
16499.937940
16499.946752
16499.955501
16499.964203
16499.973183
16499.982004
16499.990809
16499.999620
16500.008431
16500.017241
16500.026055
16500.034864
16500.043676
16500.052487
16500.061298
16500.070110
16500.078929
16500.087744
16500.096549
16500.105355
16500.114029
16500.122976
16500.131661
16500.140443
16500.149250
16500.158223
16500.167035
16500.175848
16500.184657
16500.193480
16500.202284
16500.211091
16500.219906
16500.228715
16500.237526
16500.246338
16500.255148
16500.263960
16500.272774
16500.281583
16500.290259
16500.299206
16500.308021
16500.316828
16500.325507
16500.334450
16500.343263
16500.351945
16500.360746
16500.369696
16500.378398
16500.387317
16500.396132
16500.404822
16500.413752
16500.422566
16500.431387
16500.440188
16500.448999
16500.457811
16500.466487
16500.475433
16500.484244
16500.493055
16500.501868
16500.510679
16500.519491
16500.528302
16500.537114
16500.545924
16500.554737
16500.563553
16500.572360
16500.581036
16500.589982
16500.598792
16500.607604
16500.616417
16500.625229
16500.634039
16500.642852
16500.651665
16500.660339
16500.669281
16500.677968
16500.686755
16500.695717
16500.704531
16500.713222
16500.722055
16500.730963
16500.739774
16500.748590
16500.757399
16500.766052
16500.775020
16500.783834
16500.792508
16500.801454
16500.810267
16500.819081
16500.827888
16500.836702
16500.845513
16500.854328
16500.863134
16500.871945
16500.880759
16500.889569
16500.898380
16500.907193
16500.915936
16500.924812
16500.933490
16500.942437
16500.951255
16500.960059
16500.968872
16500.977684
16500.986495
16500.995312
16501.004124
16501.012927
16501.021739
16501.030552
16501.039362
16501.048174
16501.056984
16501.065799
16501.074488
16501.083417
16501.092100
16501.101041
16501.109853
16501.118530
16501.127366
16501.136284
16501.145098
16501.153915
16501.162720
16501.171534
16501.180264
16501.189153
16501.197967
16501.206786
16501.215593
16501.224402
16501.233089
16501.242025
16501.250836
16501.259647
16501.268462
16501.277141
16501.286080
16501.294891
16501.303702
16501.312379
16501.321326
16501.330009
16501.338947
16501.347761
16501.356571
16501.365254
16501.374194
16501.383006
16501.391759
16501.400627
16501.409282
16501.418252
16501.427062
16501.435874
16501.444690
16501.453496
16501.462308
16501.471120
16501.479930
16501.488619
16501.497554
16501.506211
16501.515175
16501.523876
16501.532651
16501.541611
16501.550422
16501.559099
16501.568045
16501.576855
16501.585668
16501.594479
16501.603156
16501.612102
16501.620912
16501.629598
16501.638535
16501.647349
16501.656158
16501.664834
16501.673781
16501.682593
16501.691410
16501.700218
16501.709026
16501.717840
16501.726648
16501.735462
16501.744274
16501.752951
16501.761895
16501.770707
16501.779517
16501.788328
16501.796983
16501.805954
16501.814762
16501.823576
16501.832387
16501.841197
16501.850010
16501.858822
16501.867631
16501.876444
16501.885253
16501.894065
16501.902718
16501.911553
16501.920363
16501.929193
16501.937978
16501.946933
16501.955753
16501.964560
16501.973367
16501.982179
16501.990990
16501.999668
16502.008612
16502.017423
16502.026235
16502.035048
16502.043861
16502.052533
16502.061480
16502.070292
16502.078968
16502.087916
16502.096729
16502.105538
16502.114352
16502.123165
16502.131871
16502.140782
16502.149476
16502.158284
16502.167216
16502.176031
16502.184740
16502.193653
16502.202465
16502.211282
16502.220091
16502.228898
16502.237708
16502.246522
16502.255341
16502.264152
16502.272954
16502.281646
16502.290578
16502.299388
16502.308201
16502.317010
16502.325687
16502.334635
16502.343447
16502.352257
16502.360935
16502.369879
16502.378691
16502.387503
16502.396315
16502.404991
16502.413935
16502.422750
16502.431423
16502.440236
16502.449180
16502.457993
16502.466807
16502.475618
16502.484429
