sensore gc8034 gc8034 1-0037 /dev/v4l-subdev5 Intel IPU6 CSI2 1 /dev/video8
formato 384x480 RGGB bpl 768 n 6
chiesto 1200 900 384 480
crop Left 1200, Top 900, Width 384, Height 480
controlli:
exposure: 524
analogue_gain: 0
vertical_blanking: 48
horizontal_blanking: 3888
pixel_rate: 256000000
timestamp:
16504.800424
16504.817513
16504.826325
16504.834974
16504.843945
16504.852756
16504.861575
16504.870386
16504.879193
16504.888000
16504.896814
16504.905625
16504.914437
16504.923121
16504.932059
16504.940872
16504.949681
16504.958495
16504.967311
16504.976124
16504.984933
16504.993744
16505.002549
16505.011364
16505.020173
16505.028991
16505.037806
16505.046616
16505.055417
16505.064237
16505.073049
16505.081854
16505.090664
16505.099477
16505.108292
16505.117100
16505.125910
16505.134720
16505.143535
16505.152342
16505.161096
16505.169964
16505.178696
16505.187589
16505.196402
16505.205218
16505.214023
16505.222837
16505.231647
16505.240409
16505.249268
16505.258079
16505.266892
16505.275565
16505.284512
16505.293216
16505.302136
16505.310950
16505.319678
16505.328572
16505.337389
16505.346196
16505.355006
16505.363817
16505.372630
16505.381447
16505.390251
16505.399061
16505.407875
16505.416686
16505.425501
16505.434170
16505.442983
16505.451930
16505.460749
16505.469552
16505.478364
16505.487020
16505.495831
16505.504800
16505.513475
16505.522423
16505.531232
16505.540044
16505.548717
16505.557667
16505.566352
16505.575290
16505.584108
16505.592915
16505.601723
16505.610535
16505.619356
16505.628157
16505.636968
16505.645782
16505.654596
16505.663402
16505.672215
16505.681025
16505.689847
16505.698548
16505.707461
16505.716273
16505.725083
16505.733900
16505.742706
16505.751517
16505.760328
16505.769071
16505.777950
16505.786764
16505.795583
16505.804386
16505.813196
16505.822009
16505.830822
16505.839631
16505.848388
16505.857252
16505.866065
16505.874879
16505.883688
16505.892363
16505.901311
16505.910128
16505.918938
16505.927744
16505.936556
16505.945369
16505.954181
16505.962991
16505.971669
16505.980613
16505.989426
16505.998235
16506.007046
16506.015858
16506.024535
16506.033481
16506.042163
16506.051102
16506.059784
16506.068728
16506.077425
16506.086350
16506.095161
16506.103972
16506.112725
16506.121594
16506.130271
16506.139100
16506.148027
16506.156839
16506.165650
16506.174463
16506.183156
16506.192086
16506.200899
16506.209588
16506.218521
16506.227293
16506.236143
16506.244956
16506.253765
16506.262576
16506.271305
16506.280198
16506.289013
16506.297823
16506.306636
16506.315444
16506.324257
16506.333070
16506.341760
16506.350692
16506.359508
16506.368321
16506.377127
16506.385936
16506.394628
16506.403440
16506.412206
16506.421183
16506.430001
16506.438805
16506.447615
16506.456428
16506.465239
16506.474050
16506.482864
16506.491674
16506.500491
16506.509298
16506.518107
16506.526922
16506.535731
16506.544543
16506.553273
16506.561994
16506.570974
16506.579796
16506.588609
16506.597409
16506.606220
16506.615039
16506.623794
16506.632492
16506.641467
16506.650140
16506.659087
16506.667906
16506.676590
16506.685521
16506.694180
16506.703145
16506.711825
16506.720767
16506.729581
16506.738331
16506.747201
16506.756014
16506.764733
16506.773637
16506.782448
16506.791260
16506.799935
16506.808882
16506.817694
16506.826504
16506.835318
16506.844129
16506.852940
16506.861758
16506.870571
16506.879219
16506.888046
16506.896995
16506.905809
16506.914628
16506.923437
16506.932241
16506.941055
16506.949864
16506.958675
16506.967494
16506.976298
16506.985111
16506.993922
16507.002737
16507.011546
16507.020197
16507.029168
16507.037978
16507.046790
16507.055602
16507.064421
16507.073231
16507.081898
16507.090845
16507.099657
16507.108473
16507.117280
16507.125956
16507.134904
16507.143716
16507.152370
16507.161338
16507.170155
16507.178960
16507.187773
16507.196584
16507.205395
16507.214098
16507.223017
16507.231675
16507.240640
16507.249318
16507.258262
16507.267074
16507.275887
16507.284698
16507.293510
16507.302319
16507.311077
16507.319941
16507.328753
16507.337567
16507.346239
16507.355189
16507.363871
16507.372811
16507.381621
16507.390393
16507.399244
16507.408019
16507.416868
16507.425680
16507.434363
16507.443302
16507.452113
16507.460925
16507.469602
16507.478406
16507.487358
16507.496180
16507.504824
16507.513640
16507.522606
16507.531417
16507.540093
16507.549039
16507.557851
16507.566661
16507.575472
16507.584287
16507.593095
16507.601916
16507.610613
16507.619530
16507.628350
16507.637016
16507.645883
16507.654774
16507.663597
16507.672401
16507.681102
16507.690021
16507.698831
16507.707644
16507.716455
16507.725267
16507.734079
16507.742809
16507.751699
16507.760377
16507.769321
16507.778136
16507.786947
16507.795757
16507.804570
16507.813379
16507.822194
16507.831002
16507.839815
16507.848631
16507.857438
16507.866119
16507.875059
16507.883872
16507.892681
16507.901369
16507.910306
16507.919126
16507.927792
16507.936739
16507.945552
16507.954361
16507.963173
16507.971993
16507.980659
16507.989607
16507.998418
16508.007230
16508.015907
16508.024852
16508.033662
16508.042475
16508.051288
16508.060100
16508.068917
16508.077722
16508.086531
16508.095344
16508.104153
16508.112968
16508.121776
16508.130590
16508.139402
16508.148220
16508.157026
16508.165701
16508.174647
16508.183458
16508.192270
16508.201081
16508.209892
16508.218704
16508.227516
16508.236328
16508.245138
16508.253949
16508.262759
16508.271574
16508.280385
16508.289193
16508.298007
16508.306819
16508.315631
16508.324440
16508.333252
16508.342064
16508.350876
16508.359563
16508.368496
16508.377316
16508.385984
16508.394930
16508.403741
16508.412553
16508.421366
16508.430018
16508.438989
16508.447755
16508.456608
16508.465283
16508.474232
16508.483048
16508.491752
16508.500506
16508.509318
16508.518140
16508.527102
16508.535914
16508.544733
16508.553538
16508.562212
16508.571157
16508.579969
16508.588780
16508.597591
16508.606404
16508.615222
16508.623894
16508.632837
16508.641653
16508.650324
16508.659112
16508.667948
16508.676895
16508.685708
16508.694518
16508.703198
16508.711995
16508.720788
16508.729764
16508.738573
16508.747389
16508.756197
16508.764876
16508.773818
16508.782630
16508.791443
16508.800255
16508.809065
16508.817877
16508.826689
16508.835342
16508.844311
16508.853121
16508.861802
16508.870745
16508.879562
16508.888372
16508.897179
16508.905992
16508.914801
16508.923479
16508.932425
16508.941237
16508.950048
16508.958858
16508.967533
16508.976481
16508.985294
16508.994105
16509.002917
16509.011728
16509.020539
16509.029350
16509.038163
16509.046982
16509.055791
16509.064543
16509.073330
16509.082218
16509.091040
16509.099705
16509.108650
16509.117468
16509.126276
16509.135087
16509.143900
16509.152711
16509.161520
16509.170331
16509.179144
16509.187955
16509.196766
16509.205584
16509.214232
16509.223038
16509.232010
16509.240825
16509.249644
16509.258451
16509.267259
16509.275930
16509.284880
16509.293692
16509.302389
16509.311313
16509.320124
16509.328936
16509.337750
16509.346561
16509.355372
16509.364183
16509.372993
16509.381812
16509.390621
16509.399429
16509.408238
16509.417050
16509.425863
16509.434678
16509.443486
16509.452161
16509.461107
16509.469920
16509.478731
16509.487406
16509.496351
16509.505166
16509.513921
16509.522787
16509.531490
16509.540409
16509.549226
16509.558041
16509.566853
16509.575657
16509.584467
16509.593278
16509.601955
16509.610899
16509.619712
16509.628523
16509.637335
16509.646148
16509.654957
16509.663613
16509.672478
16509.681274
16509.690052
16509.698865
16509.707824
16509.716638
16509.725449
16509.734131
16509.743070
16509.751828
16509.760696
16509.769367
16509.778316
16509.787130
16509.795939
16509.804616
16509.813561
16509.822242
16509.831184
16509.839865
16509.848671
16509.857618
16509.866430
16509.875242
16509.884058
16509.892761
16509.901676
16509.910487
16509.919299
16509.928111
16509.936921
16509.945735
16509.954544
16509.963355
16509.972167
16509.980980
16509.989792
16509.998602
16510.007413
16510.016224
16510.024921
16510.033708
16510.042658
16510.051469
16510.060282
16510.068935
16510.077903
16510.086717
16510.095392
16510.104338
16510.113152
16510.121961
16510.130774
16510.139584
16510.148261
16510.157206
16510.166019
16510.174831
16510.183638
16510.192457
16510.201264
16510.210076
16510.218886
16510.227697
16510.236510
16510.245320
16510.254086
16510.262801
16510.271753
16510.280481
16510.289375
16510.298190
16510.306999
16510.315813
16510.324622
16510.333297
16510.342244
16510.350924
16510.359868
16510.368680
16510.377491
16510.386312
16510.395119
16510.403930
16510.412736
16510.421550
16510.430359
16510.439170
16510.447982
16510.456793
16510.465470
16510.474415
16510.483229
16510.492039
16510.500852
16510.509662
16510.518472
16510.527286
16510.535961
16510.544906
16510.553720
16510.562427
16510.571342
16510.580152
16510.588963
16510.597638
16510.606424
16510.615398
16510.624211
16510.633020
16510.641833
16510.650510
16510.659454
16510.668267
16510.677079
16510.685889
16510.694566
16510.703397
16510.712321
16510.720998
16510.729945
16510.738756
16510.747431
16510.756379
16510.765192
16510.774003
16510.782815
16510.791488
16510.800436
16510.809249
16510.818061
16510.826873
16510.835681
16510.844495
16510.853305
16510.862120
16510.870927
16510.879739
16510.888551
16510.897363
16510.906173
16510.914984
16510.923797
16510.932609
16510.941381
16510.950229
16510.958905
16510.967723
16510.976665
16510.985421
16510.994118
16511.002978
16511.011908
16511.020721
16511.029533
16511.038345
16511.047020
16511.055967
16511.064777
16511.073589
16511.082277
16511.091094
16511.100024
16511.108700
16511.117647
16511.126306
16511.135269
16511.144081
16511.152893
16511.161704
16511.170516
16511.179328
16511.188137
16511.196952
16511.205760
16511.214448
16511.223222
16511.232044
16511.241007
16511.249818
16511.258632
16511.267445
16511.276250
16511.285064
16511.293876
16511.302685
16511.311499
16511.320310
16511.329118
16511.337931
16511.346744
16511.355554
16511.364209
16511.373175
16511.381989
16511.390799
16511.399610
16511.408284
16511.417071
16511.426043
16511.434863
16511.443670
