sensore gc8034 gc8034 1-0037 /dev/v4l-subdev5 Intel IPU6 CSI2 1 /dev/video8
formato 128x256 RGGB bpl 256 n 6
chiesto 1200 900 128 256
crop Left 1200, Top 900, Width 128, Height 256
controlli:
exposure: 300
analogue_gain: 0
vertical_blanking: 48
horizontal_blanking: 4144
pixel_rate: 256000000
timestamp:
16341.042816
16341.047755
16341.052803
16341.052966
16341.057925
16341.063010
16341.068182
16341.073254
16341.078232
16341.083401
16341.088357
16341.093547
16341.098630
16341.103564
16341.108685
16341.113839
16341.118914
16341.123987
16341.128927
16341.133970
16341.139083
16341.144119
16341.144312
16341.149353
16341.154251
96.586410
16341.159504
16341.164573
16341.169646
16341.174719
16341.179681
16341.184866
16341.189806
16341.194851
16341.195013
16341.200085
16341.205034
16341.210232
16341.215175
16341.220379
16341.225318
16341.230436
16341.235434
16341.235596
16341.240625
16341.245745
16341.250818
16341.255892
16341.260828
16341.265951
16341.271111
16341.276048
16341.281094
16341.281256
16341.286331
16341.291404
16341.296385
16341.301390
16341.301551
16341.306629
16341.311698
16341.316703
16341.321843
16341.326918
16341.331891
16341.336934
16341.337084
16341.342137
16341.347124
16341.352195
16341.357240
16341.357390
16341.362302
16341.367500
16341.372580
16341.377599
16341.382552
16341.382728
16341.387796
16341.392867
16341.397944
16341.402882
16341.407955
16341.408107
16341.413009
16341.418233
16341.423188
16341.428380
16341.433453
16341.438527
16341.443466
16341.448569
16341.448673
16341.453638
16341.458818
16341.463891
16341.468854
16341.473888
16341.474086
16341.479111
16341.484070
16341.489260
16341.494333
16341.499405
16341.504477
16341.509395
16341.514512
16341.514670
16341.519589
16341.524772
16341.529767
16341.534918
16341.539852
16341.540003
16341.544973
16341.550053
16341.555041
16341.555212
16341.560288
16341.565361
16341.570310
16341.575406
16341.580437
16341.580586
16341.585534
16341.590723
16341.595796
16341.600817
16341.605941
16341.611027
16341.616087
16341.621163
16341.626236
16341.631173
16341.636382
16341.641455
16341.646396
16341.651600
16341.656673
16341.661748
16341.666820
16341.671758
16341.676967
16341.681908
16341.686996
16341.687147
16341.692190
16341.697210
16341.702167
16341.702336
16341.707415
16341.712376
16341.717553
16341.722629
16341.727700
16341.732774
16341.737734
16341.742824
16341.747994
16341.752959
16341.758139
16341.763211
16341.768285
16341.773228
16341.778277
16341.778432
16341.783375
16341.788434
16341.788581
16341.793525
16341.798724
16341.803803
16341.808873
16341.813946
16341.818881
16341.824092
16341.829164
16341.834238
16341.839315
16341.844335
16341.849379
16341.854379
16341.854539
16341.859476
16341.864677
16341.869752
16341.874699
16341.879896
16341.884836
16341.890043
16341.895116
16341.900191
16341.905158
16341.910196
16341.910346
16341.915346
16341.920317
16341.920487
16341.925565
16341.930500
16341.935565
16341.935711
16341.940776
16341.945749
16341.950817
16341.950921
96.586444
96.586445
96.586445
96.586445
16341.971223
16341.976288
16341.981225
16341.986434
16341.991381
16341.996581
16342.001663
16342.006593
16342.011707
16342.016783
16342.021782
16342.021947
16342.027019
16342.032102
16342.037164
16342.042192
16342.047313
16342.052385
16342.057356
16342.062532
16342.067473
16342.072524
16342.072685
16342.077626
16342.082746
16342.087809
16342.092838
16342.092985
16342.098045
16342.103120
16342.108017
96.586451
96.586451
96.586451
96.586451
96.586451
96.586452
96.586452
96.586452
96.586452
96.586452
96.586452
96.586452
96.586453
96.586453
16342.163996
16342.168967
16342.169069
96.586454
96.586454
96.586454
96.586454
96.586454
96.586455
16342.199512
16342.204471
16342.204617
16342.209626
16342.214727
16342.219804
16342.224828
16342.229813
16342.229963
16342.234988
16342.240097
16342.245168
16342.250142
16342.255313
16342.260389
16342.265462
16342.270399
16342.275608
16342.280582
16342.285754
16342.290828
16342.295772
16342.300975
16342.305934
16342.311120
16342.316193
16342.321157
16342.326183
16342.326343
16342.331420
16342.336495
16342.341425
16342.346631
16342.351713
16342.356786
16342.361859
16342.366769
16342.371887
16342.372035
16342.377008
16342.377070
16342.382052
16342.387057
16342.387219
16342.392162
16342.397272
16342.402334
16342.402438
96.586463
96.586463
16342.412509
16342.417657
16342.422598
16342.427803
16342.432753
16342.437949
16342.442892
16342.448023
16342.453169
16342.458242
16342.463182
16342.468272
16342.468422
16342.473387
16342.473512
16342.478538
16342.483454
16342.488519
16342.488682
16342.493627
16342.498830
16342.503769
16342.508827
16342.508976
16342.513920
16342.519028
16342.524032
16342.524197
16342.529275
16342.534300
16342.539414
16342.544352
16342.549561
16342.554636
16342.559574
16342.564782
16342.569790
16342.574761
16342.574977
16342.579846
16342.584964
16342.585091
16342.590148
16342.595219
16342.600302
16342.605233
16342.610345
16342.615514
16342.620454
16342.625516
16342.625666
16342.630733
16342.635686
16342.640880
16342.645819
16342.650877
16342.651026
16342.656099
16342.661038
16342.666245
16342.671320
16342.676391
16342.681346
16342.686387
16342.686538
16342.691552
16342.696683
16342.701758
16342.706674
16342.711904
16342.716853
16342.722052
16342.727126
16342.732161
16342.737106
16342.737272
16342.742217
16342.747321
16342.752489
16342.757427
16342.762508
16342.762659
16342.767560
16342.772781
16342.777791
16342.782928
16342.787865
16342.793074
16342.798150
16342.803088
16342.808296
16342.813237
16342.818443
16342.823516
16342.828456
16342.833661
16342.838741
16342.843814
16342.848759
16342.853956
16342.859036
16342.864111
16342.869070
16342.874089
16342.874250
16342.879168
16342.884392
16342.889467
16342.894421
16342.899613
16342.904556
16342.909759
16342.914834
16342.919907
16342.924981
16342.929897
16342.935124
16342.940149
16342.945270
16342.950346
16342.955421
16342.960494
16342.965564
16342.970641
16342.975578
16342.980785
16342.985860
16342.990798
16342.996002
16343.001081
16343.006155
16343.011101
16343.016152
16343.016304
16343.021371
16343.026379
16343.031359
16343.031575
16343.036590
16343.041507
16343.046737
16343.051680
16343.056881
16343.061957
16343.067028
16343.072019
16343.077174
16343.082259
16343.087323
16343.092404
16343.097428
16343.102389
16343.102547
16343.107617
16343.112690
16343.117762
16343.122840
16343.127776
16343.132981
16343.137901
16343.143026
16343.148199
16343.153118
16343.158345
16343.163289
16343.168365
16343.168516
16343.173576
16343.178526
16343.183616
16343.188700
16343.193780
16343.198801
16343.198949
16343.204005
16343.208944
16343.214152
16343.219228
16343.224145
16343.229373
16343.234445
16343.239518
16343.244556
16343.249663
16343.254738
16343.259811
16343.264750
16343.269877
16343.275030
16343.279969
16343.285019
16343.290172
16343.290255
96.586502
96.586502
96.586502
96.586502
96.586502
96.586502
96.586502
96.586502
96.586503
96.586503
96.586503
96.586503
96.586503
96.586503
16343.340905
16343.345975
16343.351131
16343.356210
16343.361140
16343.366235
16343.366384
