sensore gc8034 gc8034 1-0037 /dev/v4l-subdev5 Intel IPU6 CSI2 1 /dev/video8
formato 128x64 RGGB bpl 256 n 6
chiesto 1200 900 128 64
crop Left 1200, Top 900, Width 128, Height 64
controlli:
exposure: 108
analogue_gain: 0
vertical_blanking: 48
horizontal_blanking: 4144
pixel_rate: 256000000
timestamp:
16331.688560
16331.690429
16331.692299
16331.694168
16331.696039
16331.697783
16331.699773
16331.701588
16331.701653
16331.703513
16331.705251
16331.707129
16331.707300
16331.708990
16331.710905
16331.710991
16331.712742
16331.714596
16331.714768
16331.716598
16331.718471
16331.720204
16331.722204
16331.724074
16331.725811
16331.727811
16331.729680
16331.731548
16331.733285
96.586006
16331.736982
16331.737052
16331.739027
16331.740852
16331.740921
16331.742684
16331.744468
16331.744542
16331.746343
16331.746512
16331.748234
16331.750239
16331.752034
16331.752110
16331.753980
16331.755745
16331.757616
16331.757717
16331.759457
96.586007
96.586007
96.586007
96.586007
96.586007
96.586007
16331.768893
16331.768941
16331.770802
16331.772622
16331.772695
16331.774409
16331.776258
16331.776432
16331.778281
16331.780145
16331.782015
16331.783883
16331.785751
16331.787550
16331.787629
16331.789490
16331.791359
16331.793094
16331.794948
16331.795122
16331.796971
16331.798699
16331.800705
16331.802441
16331.804286
16331.804459
16331.806313
16331.808180
16331.809913
16331.811918
16331.813790
16331.815658
16331.817534
16331.819397
16331.821188
16331.823132
16331.825004
16331.826837
16331.826902
16331.828743
16331.830475
16331.832324
16331.832487
16331.834213
16331.836218
16331.837971
