sensore gc8034 gc8034 1-0037 /dev/v4l-subdev5 Intel IPU6 CSI2 1 /dev/video8
formato 256x64 RGGB bpl 512 n 6
chiesto 1200 900 256 64
crop Left 1200, Top 900, Width 256, Height 64
controlli:
exposure: 108
analogue_gain: 0
vertical_blanking: 48
horizontal_blanking: 4016
pixel_rate: 256000000
timestamp:
16333.828074
16333.831278
16333.833018
16333.834853
16333.835017
16333.836749
96.586096
16333.840449
16333.840623
16333.842357
16333.844361
16333.846106
16333.847943
16333.848129
16333.849791
96.586097
96.586097
96.586097
96.586097
96.586097
96.586097
96.586097
96.586097
96.586097
96.586097
96.586098
96.586098
96.586098
96.586098
96.586098
96.586098
96.586098
96.586098
16333.879757
16333.881743
16333.883614
16333.885479
16333.887355
16333.889086
16333.891087
16333.892956
16333.894827
16333.896559
16333.898433
16333.898589
16333.900438
16333.902303
16333.904176
16333.906042
16333.907912
16333.909777
16333.911651
16333.913516
16333.915392
16333.917256
16333.919130
16333.920993
16333.922868
16333.924594
16333.926454
16333.926606
16333.928469
16333.930344
16333.932089
16333.933921
16333.934096
16333.935949
16333.937813
16333.939683
16333.941552
16333.943423
16333.945292
16333.947025
16333.949027
16333.950899
16333.952633
96.586101
96.586101
96.586101
16333.960086
96.586101
96.586101
96.586102
96.586102
96.586102
96.586102
96.586102
96.586102
96.586102
16333.971345
