sensore gc8034 gc8034 1-0037 /dev/v4l-subdev5 Intel IPU6 CSI2 1 /dev/video8
formato 256x256 RGGB bpl 512 n 6
chiesto 1200 900 256 256
crop Left 1200, Top 900, Width 256, Height 256
controlli:
exposure: 300
analogue_gain: 0
vertical_blanking: 48
horizontal_blanking: 4016
pixel_rate: 256000000
timestamp:
16345.315045
16345.320118
16345.325061
16345.330262
16345.335207
16345.340409
16345.345484
16345.350423
16345.355630
16345.360705
16345.365777
16345.370721
16345.375925
16345.381004
16345.386069
16345.391144
16345.396216
16345.401289
16345.406365
16345.411444
16345.416509
16345.421448
16345.426655
16345.431728
16345.436670
16345.441873
16345.446791
16345.452019
16345.456970
16345.462165
16345.467239
16345.472316
16345.477397
16345.482302
16345.487534
16345.492608
16345.497506
96.586596
96.586596
96.586597
96.586597
96.586597
96.586597
96.586597
16345.533193
16345.538112
16345.538156
16345.543338
16345.548280
16345.553327
16345.558557
16345.563632
16345.568704
16345.573778
16345.578852
16345.583924
16345.588998
16345.594072
16345.599144
16345.604103
16345.609130
16345.609296
16345.614373
16345.619303
16345.624381
16345.624509
96.586602
96.586602
96.586602
96.586602
96.586603
96.586603
96.586603
96.586603
96.586603
96.586603
96.586603
96.586604
96.586604
96.586604
96.586604
96.586604
96.586604
96.586605
96.586605
96.586605
96.586605
96.586606
96.586606
16345.725865
16345.731048
16345.735989
16345.741194
16345.746266
16345.751341
16345.756418
16345.761493
16345.766560
16345.771500
16345.776706
16345.781782
16345.786853
16345.791790
16345.796999
16345.802071
16345.807156
16345.812230
16345.817299
16345.822370
16345.827442
16345.832375
16345.837451
16345.837619
16345.842658
16345.847730
16345.852810
16345.857743
16345.862953
16345.868024
16345.873097
16345.878035
16345.883085
16345.883256
16345.888318
16345.893393
16345.898467
16345.903541
16345.908616
16345.913690
16345.918765
16345.923657
96.586615
96.586615
16345.933822
96.586615
96.586615
96.586615
96.586616
16345.949080
16345.954268
16345.959343
16345.964280
16345.969490
16345.974431
16345.979494
16345.979664
16345.984710
16345.989785
16345.994854
16345.999928
16346.005003
16346.009942
16346.015148
16346.020105
16346.025293
16346.030367
16346.035308
16346.040515
16346.045588
16346.050661
16346.055598
16346.060807
16346.065879
16346.070815
16346.076026
16346.081108
16346.086183
16346.091246
16346.096318
16346.101256
16346.106466
16346.111540
16346.116613
16346.121687
16346.126759
16346.131701
16346.136905
16346.141982
16346.147056
16346.151992
16346.157196
16346.162114
16346.167344
16346.172284
16346.177350
16346.177515
16346.182564
16346.187636
16346.192719
16346.197783
16346.202721
16346.207929
16346.213009
16346.218077
16346.223151
16346.228064
16346.233165
16346.233295
96.586628
96.586628
96.586628
96.586628
96.586628
96.586628
96.586629
96.586629
96.586629
96.586629
96.586630
96.586630
96.586630
96.586630
96.586631
96.586631
96.586631
96.586631
96.586630
16346.319431
16346.324613
16346.329554
16346.334761
16346.339702
16346.344782
16346.344907
96.586633
96.586633
96.586633
96.586633
16346.370103
96.586634
96.586634
96.586634
96.586634
96.586634
96.586634
16346.395467
96.586635
96.586635
96.586635
96.586635
16346.415776
96.586635
96.586636
96.586636
96.586636
96.586636
96.586636
96.586636
16346.441299
16346.446371
16346.451309
16346.456356
16346.456531
16346.461475
16346.466664
16346.471736
16346.476690
16346.481885
16346.486826
16346.491888
16346.492060
16346.497104
16346.502176
16346.507249
16346.512186
16346.517397
16346.522469
16346.527408
16346.532617
16346.537690
16346.542768
16346.547701
16346.552907
16346.557848
16346.563055
16346.568127
16346.573202
16346.578157
16346.583349
16346.588421
16346.593502
16346.598434
16346.603639
16346.608717
16346.613788
16346.618723
16346.623934
16346.629006
16346.634079
16346.639165
16346.644227
16346.649310
16346.654383
