sensore gc8034 gc8034 1-0037 /dev/v4l-subdev5 Intel IPU6 CSI2 1 /dev/video8
formato 64x64 RGGB bpl 128 n 6
chiesto 1200 900 64 64
crop Left 1200, Top 900, Width 64, Height 64
controlli:
exposure: 108
analogue_gain: 0
vertical_blanking: 48
horizontal_blanking: 4208
pixel_rate: 256000000
timestamp:
16329.635883
16329.637760
16329.639497
16329.641397
16329.641488
16329.643358
16329.645233
16329.647097
16329.648834
16329.650833
16329.652572
16329.654571
16329.656442
16329.658193
16329.660180
16329.662049
16329.663917
16329.665654
16329.667654
16329.669523
16329.671393
16329.673130
96.585918
96.585918
96.585918
96.585918
96.585918
16329.680569
96.585918
96.585918
16329.682515
16329.682609
16329.684357
16329.686346
16329.688100
96.585918
96.585918
96.585918
16329.693707
96.585919
96.585918
96.585919
96.585919
96.585919
96.585919
96.585919
96.585919
96.585919
96.585919
96.585919
96.585919
96.585919
96.585919
96.585919
96.585919
96.585919
96.585919
16329.719870
16329.721859
16329.723597
16329.725597
16329.727337
16329.729240
16329.729375
16329.731071
16329.732925
16329.733077
16329.734942
16329.736818
16329.738682
16329.740425
96.585921
96.585921
16329.744205
16329.746054
16329.746157
16329.748027
16329.749762
16329.751764
16329.753632
16329.755501
16329.757253
16329.759240
16329.761050
16329.761125
16329.762987
16329.764713
16329.766715
16329.768586
16329.770455
16329.772325
16329.774195
16329.776063
16329.777798
16329.779798
16329.781670
16329.783477
16329.783546
16329.785409
16329.787146
96.585922
96.585923
16329.790902
16329.792721
16329.792884
16329.794625
