sensore gc8034 gc8034 1-0037 /dev/v4l-subdev5 Intel IPU6 CSI2 1 /dev/video8
formato 64x256 RGGB bpl 128 n 6
chiesto 1200 900 64 256
crop Left 1200, Top 900, Width 64, Height 256
controlli:
exposure: 300
analogue_gain: 0
vertical_blanking: 48
horizontal_blanking: 4208
pixel_rate: 256000000
timestamp:
16337.831765
16337.836838
16337.841911
16337.846858
16337.852054
16337.857019
16337.862063
16337.862213
16337.867276
16337.872219
16337.877327
16337.882349
16337.882504
16337.887567
16337.892641
16337.897716
16337.902656
16337.907766
16337.912767
16337.912932
16337.917888
16337.922979
16337.923080
96.586271
96.586271
96.586271
16337.938185
16337.943373
16337.948454
16337.953425
16337.958594
16337.963550
16337.968738
16337.973770
16337.978885
16337.983959
16337.989034
16337.994108
16337.999188
16338.004263
16338.009325
16338.014399
16338.019418
16338.024544
16338.029567
16338.029619
16338.034690
96.586276
96.586276
96.586276
96.586276
16338.054810
96.586277
96.586277
96.586277
96.586277
96.586277
16338.070092
16338.075182
16338.075278
96.586278
96.586278
96.586278
96.586278
96.586278
96.586279
96.586279
96.586279
96.586280
96.586280
96.586280
96.586280
96.586280
96.586280
96.586281
96.586281
96.586281
96.586281
96.586281
96.586281
96.586281
96.586282
96.586282
96.586282
96.586282
96.586282
96.586282
16338.186794
16338.191959
16338.196920
16338.202022
16338.207180
16338.212253
16338.217204
16338.222400
16338.227475
16338.232552
16338.237487
16338.242533
16338.242695
16338.247644
16338.252697
16338.252843
16338.257787
16338.262872
16338.263018
16338.268061
16338.273132
16338.278205
16338.283280
16338.288224
16338.293335
16338.298499
16338.303448
16338.308645
16338.313588
16338.318791
16338.323865
16338.328764
96.586289
16338.333899
16338.339085
16338.344100
16338.349231
16338.354253
16338.359241
16338.359383
16338.364455
16338.369389
16338.374479
16338.374626
16338.379555
16338.384623
16338.384773
16338.389688
16338.394890
16338.399832
16338.404920
16338.405069
16338.410112
16338.415189
16338.420255
16338.425195
16338.430401
16338.435475
16338.440414
16338.445525
16338.445623
96.586294
96.586294
16338.460840
16338.465772
16338.465914
16338.470990
16338.476062
16338.481002
16338.486207
16338.491283
16338.496224
16338.501426
16338.506375
16338.511432
16338.511582
16338.516533
16338.521625
16338.521719
96.586297
96.586297
96.586297
96.586297
96.586298
96.586298
96.586298
96.586299
16338.557233
96.586299
16338.562330
96.586299
96.586299
96.586299
96.586299
96.586299
96.586300
96.586299
96.586300
96.586300
96.586300
96.586300
96.586300
96.586301
96.586301
96.586301
96.586301
96.586301
96.586301
96.586302
16338.638315
16338.643330
16338.643487
16338.648450
16338.653623
16338.658566
16338.663642
16338.663787
16338.668756
16338.673916
16338.678856
16338.684062
16338.689023
16338.694209
16338.699153
16338.704357
16338.709298
16338.714349
16338.714506
16338.719524
16338.724650
16338.729586
16338.734660
16338.734806
16338.739740
16338.744943
16338.750024
16338.755089
16338.760163
16338.765235
16338.770312
16338.775246
16338.780453
16338.785527
16338.790485
16338.795535
16338.795680
16338.800621
16338.805820
16338.810895
16338.815842
16338.821041
16338.826113
16338.831064
16338.836118
16338.836265
16338.841333
16338.846270
16338.851324
16338.851479
16338.856424
16338.861625
16338.866570
16338.871772
16338.876721
16338.881920
16338.886862
16338.892065
16338.897035
16338.902075
16338.902219
16338.907157
16338.912358
16338.917302
16338.922503
16338.927579
16338.932652
16338.937724
16338.942805
16338.947739
16338.952942
16338.957884
16338.962948
16338.963092
16338.968046
16338.973101
16338.973248
16338.978309
16338.983385
16338.988457
16338.993407
16338.998460
16338.998604
16339.003546
16339.008609
16339.008754
16339.013830
16339.018903
16339.023979
16339.028944
16339.034115
16339.039079
16339.044260
16339.049335
16339.054417
16339.059359
16339.064552
16339.069514
16339.074564
16339.074710
16339.079774
16339.084847
16339.089828
16339.094992
16339.099944
16339.105008
16339.105154
16339.110214
16339.115152
16339.120360
16339.125434
16339.130514
16339.135446
16339.140654
16339.145726
16339.150799
16339.155873
16339.160948
16339.165974
16339.171090
16339.176165
16339.181104
16339.186312
16339.191386
16339.196459
