sensore gc5035 gc5035 2-003f /dev/v4l-subdev4 Intel IPU6 CSI2 2 /dev/video16
formato 1296x972 GRBG bpl 2624 n 6
regs:
0 0x33 0x20
1 0x92 0x04
1 0x94 0x03
1 0x95 0x03
1 0x96 0xcc
1 0x97 0x05
1 0x98 0x10
controlli:
exposure: 984
analogue_gain: 0
vertical_blanking: 64
horizontal_blanking: 328
pixel_rate: 168960000
timestamp:
1596.678945
1596.713651
1596.748353
1596.759522
1596.783058
1596.817760
1596.820410
1596.852468
1596.887169
1596.921875
1596.956579
1596.991282
1597.025988
1597.060691
1597.071860
1597.095397
1597.130098
1597.137776
1597.164804
1597.199509
1597.203877
1597.234211
1597.268917
1597.276592
1597.303621
1597.318383
1597.338325
1597.373029
1597.407734
1597.442437
1597.477140
1597.479802
1597.486509
1597.511846
1597.546551
1597.557716
1597.581256
1597.615956
1597.622126
1597.631462
1597.650661
1597.667325
1597.685367
1597.694839
1597.700869
1597.720070
1597.754774
1597.789481
1597.824182
1597.858886
1597.893592
1597.898859
1597.904307
1597.928297
1597.962999
1597.997704
1598.001232
1598.032408
1598.067112
1598.101816
1598.136522
1598.171222
1598.173881
1598.205928
1598.220342
1598.240633
1598.275335
1598.310041
1598.314758
1598.344744
1598.379448
1598.388475
1598.414154
1598.422728
1598.448859
1598.483560
1598.518264
1598.552971
1598.587675
1598.596248
1598.602829
1598.622377
1598.634099
1598.657083
1598.691785
1598.726490
1598.737657
1598.761197
1598.795900
1598.800325
1598.830602
1598.846264
1598.865307
1598.900011
1598.907041
1598.914268
1598.934717
1598.969418
1598.977995
1598.982832
1599.004124
1599.038829
1599.073532
1599.108237
1599.142941
1599.177644
1599.192060
1599.212350
1599.247053
1599.281758
1599.292578
1599.316460
1599.326833
1599.351167
1599.355592
1599.385870
1599.420573
1599.424906
1599.455277
1599.489980
1599.524685
1599.559389
1599.594095
1599.628798
1599.663504
1599.674218
1599.698207
1599.732911
1599.742383
1599.767616
1599.771988
1599.784173
1599.802320
1599.837021
1599.842349
1599.871728
1599.878851
1599.906432
1599.914108
1599.941137
1599.975840
1600.010545
1600.045249
1600.049227
1600.079951
1600.114659
1600.149361
1600.153338
1600.184066
1600.218767
1600.253473
1600.288180
1600.292706
1600.322883
1600.357585
1600.392288
1600.406601
1600.426992
1600.439509
1600.461699
1600.469720
1600.496403
1600.531105
1600.544072
1600.565810
1600.578325
1600.581125
1600.600515
1600.606990
1600.635218
1600.639551
1600.669923
1600.704627
1600.719388
1600.739332
1600.774034
1600.808738
1600.843444
1600.878148
1600.912851
1600.947555
1600.982261
1601.016964
1601.051668
1601.061143
1601.064184
1601.066985
1601.086374
1601.090903
1601.121077
1601.155782
1601.190484
1601.199510
1601.225188
1601.259894
1601.294598
1601.329301
1601.364006
1601.398710
1601.433413
1601.468117
1601.502821
1601.537525
1601.572230
1601.606934
1601.614506
1601.641639
1601.676341
1601.711046
1601.745751
1601.760906
1601.780456
1601.815159
1601.849863
1601.884569
1601.919272
1601.953975
1601.988683
1602.023383
1602.058087
1602.092795
1602.127498
1602.162202
1602.196908
1602.231610
1602.266313
1602.301017
1602.335723
1602.370424
1602.405131
1602.439833
1602.474538
1602.477562
1602.509242
1602.543948
1602.578654
1602.613355
1602.648061
1602.682762
1602.717468
1602.752171
1602.786875
1602.821581
1602.856283
1602.890989
1602.925694
1602.960398
1602.995101
1603.029807
1603.064511
1603.099215
1603.133916
1603.168622
1603.203326
1603.238030
1603.242296
1603.272735
1603.307437
1603.342143
1603.376847
1603.411550
1603.446253
1603.480960
1603.515665
1603.550368
1603.585072
1603.619777
1603.654482
1603.689184
1603.723886
1603.758591
1603.793294
1603.828002
1603.841257
1603.862707
1603.897410
1603.932112
1603.966816
1604.001520
1604.036226
1604.070928
1604.105633
1604.140337
1604.175040
1604.209746
1604.244450
1604.279156
1604.313857
1604.348563
1604.365863
1604.383269
1604.417971
1604.452675
1604.487379
1604.522082
1604.556787
1604.591493
1604.599906
1604.626197
1604.660903
1604.695605
1604.730310
1604.765013
1604.799716
1604.834420
1604.869123
1604.903828
1604.938534
1604.973240
1605.007942
1605.042647
1605.077350
1605.112054
1605.146759
1605.181463
1605.216168
1605.250871
1605.285575
1605.320277
1605.354982
1605.389685
1605.424392
1605.459097
1605.493800
1605.528504
1605.563208
1605.597910
1605.632614
1605.667320
1605.702026
1605.736730
1605.771432
1605.775802
1605.806139
1605.840841
1605.875544
1605.910248
1605.944951
1605.979660
1606.014360
1606.049067
1606.083770
1606.118474
1606.153178
1606.187882
1606.222591
1606.257290
1606.291995
1606.326699
1606.331377
1606.361405
1606.368331
1606.396109
1606.430811
1606.465517
1606.500222
1606.506840
1606.534924
1606.569628
1606.604332
1606.615789
1606.639038
1606.673739
1606.708444
1606.743148
1606.777856
1606.812558
1606.847262
1606.881966
1606.916670
1606.951374
1606.986078
1607.020782
1607.055488
1607.090189
1607.124896
1607.159600
1607.194304
1607.229007
1607.263711
1607.298418
1607.333121
1607.367826
1607.375303
1607.402528
1607.437233
1607.471938
1607.506640
1607.541345
1607.576050
1607.610752
1607.645456
1607.680160
1607.714865
1607.749570
1607.784274
1607.818976
1607.853682
1607.888384
1607.923089
1607.957794
1607.992498
1608.027201
1608.061906
1608.096610
1608.099943
1608.131316
1608.166017
1608.200723
1608.235430
1608.270131
1608.304835
1608.339542
1608.374243
1608.408949
1608.443653
1608.478358
1608.513060
1608.547767
1608.582468
1608.617173
1608.651878
1608.686581
1608.721286
1608.755988
1608.790692
1608.825401
1608.860103
1608.894807
1608.909061
1608.929513
1608.964215
1608.998919
1609.033621
1609.068327
1609.103029
1609.137735
1609.172440
1609.207143
1609.241846
1609.276550
1609.311257
1609.345960
1609.380663
1609.415368
1609.450073
1609.484779
1609.489457
1609.519480
1609.554184
1609.559866
1609.588890
1609.623594
1609.658296
1609.693003
1609.727707
1609.762408
1609.797115
1609.831820
1609.866522
1609.901227
1609.935929
1609.939817
1609.970635
1610.005338
1610.040045
1610.074748
1610.109453
1610.144155
1610.178861
1610.213564
1610.248267
1610.282972
1610.317676
1610.352383
1610.387084
1610.421787
1610.456494
1610.491198
1610.525903
1610.560605
1610.595308
1610.630014
1610.664719
1610.699423
1610.734126
1610.768832
1610.803535
1610.838238
1610.872942
1610.907646
1610.942352
1610.977058
1611.011760
1611.046465
1611.081168
1611.115873
1611.150575
1611.185280
1611.219986
1611.254688
1611.289394
1611.324096
1611.358801
