sensore gc8034 gc8034 1-0037 /dev/v4l-subdev5 Intel IPU6 CSI2 1 /dev/video8
formato 3264x2448 RGGB bpl 6528 n 6
regs:
controlli:
exposure: 2246
analogue_gain: 0
vertical_blanking: 48
horizontal_blanking: 1008
pixel_rate: 255909888
rilettura:
# p reg scritto allo-stream-on(ret 0) ora(ret 0)
timestamp:
11907.514338
11907.597642
11907.680949
11907.764259
11907.847565
11907.930873
11908.014179
11908.097491
11908.180796
11908.264102
11908.347413
11908.430719
11908.514027
11908.597335
11908.680642
11908.763947
11908.847257
11908.930565
11909.013871
11909.097178
11909.180488
11909.263795
11909.347104
11909.430408
11909.513717
11909.597026
11909.680330
11909.763639
11909.846947
11909.930253
11910.013563
11910.096872
11910.180177
11910.263484
11910.346793
11910.430101
11910.513409
11910.596716
11910.680022
11910.763330
11910.846638
11910.929944
11911.013253
11911.096561
11911.179866
11911.263175
11911.346483
11911.429791
11911.513097
11911.596405
11911.679713
11911.763021
11911.846327
11911.929636
11912.012944
11912.096254
11912.179558
11912.262866
11912.346173
11912.429483
11912.512790
11912.596095
11912.679403
11912.762710
11912.846019
11912.929326
11913.012633
11913.095941
11913.179250
11913.262558
11913.345867
11913.429171
11913.512481
11913.595787
11913.679095
11913.762403
11913.845709
11913.929017
11914.012325
11914.095634
11914.178942
11914.262247
11914.345555
11914.428864
11914.512169
11914.595477
11914.678785
11914.762095
11914.845402
11914.928707
11915.012016
11915.095322
11915.178633
11915.261939
11915.345247
11915.428553
11915.511862
11915.595169
11915.678476
11915.761784
11915.845091
11915.928400
11916.011707
11916.095013
11916.178321
11916.261628
11916.344936
11916.428245
11916.511550
11916.594861
11916.678168
11916.761474
11916.844782
11916.928088
11917.011399
11917.094706
11917.178012
11917.261320
11917.344627
11917.427936
11917.511243
11917.594552
11917.677856
11917.761166
11917.844473
11917.927779
11918.011087
11918.094396
11918.177704
11918.261011
11918.344320
11918.427626
11918.510933
11918.594240
11918.677549
11918.760856
11918.844163
11918.927473
11919.010780
11919.094087
11919.177393
11919.260700
11919.344008
11919.427319
11919.510625
11919.593932
11919.677240
11919.760547
11919.843856
11919.927163
11920.010469
11920.093777
11920.177084
11920.260393
11920.343702
11920.427009
11920.510318
11920.593623
11920.676931
11920.760237
11920.843544
11920.926854
11921.010161
11921.093469
11921.176775
11921.260082
11921.343392
11921.426699
11921.510006
11921.593313
11921.676620
11921.759928
11921.843237
