sensore gc8034 gc8034 1-0037 /dev/v4l-subdev5 Intel IPU6 CSI2 1 /dev/video8
formato 128x96 RGGB bpl 256 n 6
regs:
0 0x09 0x09
0 0x0a 0x74
0 0x0d 0x00
0 0x0e 0x70
0 0x91 0x00
0 0x92 0x08
0 0x93 0x0c
0 0x94 0x53
0 0x95 0x00
0 0x96 0x60
0 0x97 0x00
0 0x98 0x80
3 0x12 0xa0
3 0x13 0x00
controlli:
exposure: 40
analogue_gain: 0
vertical_blanking: 2400
horizontal_blanking: 1008
pixel_rate: 255909888
rilettura:
# p reg scritto allo-stream-on(ret 0) ora(ret 0)
0 0x09 0x09 0x09 0x09
0 0x0a 0x74 0x74 0x74
0 0x0d 0x00 0x00 0x00
0 0x0e 0x70 0x70 0x70
0 0x91 0x00 0x00 0x00
0 0x92 0x08 0x08 0x08
0 0x93 0x0c 0x0c 0x0c
0 0x94 0x53 0x53 0x53
0 0x95 0x00 0x00 0x00
0 0x96 0x60 0x60 0x60
0 0x97 0x00 0x00 0x00
0 0x98 0x80 0x80 0x80
3 0x12 0xa0 0xa0 0xa0
3 0x13 0x00 0x00 0x00
timestamp:
11905.105409
11905.115019
11905.117423
11905.119708
11905.122142
11905.122235
11905.124634
11905.126919
11905.129361
11905.129457
11905.131843
11905.134113
11905.136649
11905.138928
11905.141453
11905.143751
11905.146261
11905.148665
11905.150935
11905.153469
11905.155788
11905.158276
11905.160680
11905.163084
11905.165485
11905.167753
96.396307
96.396307
96.396307
96.396307
96.396307
96.396307
96.396307
96.396307
96.396307
96.396308
96.396308
96.396308
96.396308
96.396308
96.396308
96.396308
96.396308
96.396308
96.396308
96.396308
96.396308
96.396308
96.396308
96.396308
96.396309
96.396309
96.396309
96.396309
96.396309
96.396309
96.396309
96.396309
96.396309
96.396309
96.396309
96.396309
96.396309
96.396309
96.396309
96.396310
96.396310
96.396310
11905.244631
96.396310
96.396310
96.396310
96.396310
96.396310
96.396310
96.396311
96.396311
96.396310
96.396310
96.396311
96.396311
96.396311
96.396311
96.396311
96.396311
96.396311
96.396311
11905.278342
96.396311
96.396311
96.396311
96.396311
96.396311
96.396311
96.396311
96.396311
96.396312
96.396312
96.396312
96.396312
96.396312
96.396312
96.396312
96.396313
96.396313
11905.309671
96.396313
96.396313
96.396313
96.396313
96.396313
96.396313
96.396313
96.396314
96.396314
96.396314
11905.331183
11905.333703
11905.335977
96.396314
96.396314
96.396314
96.396314
96.396314
96.396314
96.396314
96.396314
96.396315
96.396315
96.396315
96.396315
96.396315
11905.360024
11905.362538
11905.364942
11905.367211
11905.369749
11905.372021
11905.374467
11905.374556
11905.376831
11905.379255
11905.379361
11905.381766
11905.384048
11905.386571
11905.388975
11905.391377
11905.393679
11905.396184
11905.398589
11905.400864
11905.403393
11905.405799
11905.408079
11905.410447
11905.410634
11905.412943
11905.413010
11905.415410
11905.417678
96.396317
96.396318
96.396318
96.396318
96.396318
96.396318
96.396318
96.396318
96.396318
96.396318
96.396318
96.396318
96.396318
96.396318
96.396318
96.396319
96.396319
96.396319
96.396319
96.396319
96.396319
11905.453766
11905.456185
11905.456269
11905.458663
11905.460946
11905.463469
11905.465741
96.396319
11905.468191
11905.468311
11905.470612
11905.470678
11905.472967
11905.475334
11905.475411
11905.477888
11905.480161
11905.482545
11905.482717
11905.485097
11905.487507
11905.489908
11905.492258
11905.492324
11905.494710
11905.497114
11905.499517
11905.501920
11905.504285
11905.504352
11905.506676
11905.506742
11905.509002
11905.511532
11905.513937
11905.516349
11905.518742
11905.521086
11905.521165
11905.523422
11905.525949
11905.528280
11905.528360
11905.530631
11905.533160
11905.535563
11905.537972
11905.540236
11905.542771
11905.545045
11905.547418
11905.547587
11905.549982
11905.552250
11905.554788
11905.557128
11905.557193
11905.559554
11905.559619
11905.561935
11905.562000
11905.564363
11905.564429
11905.566803
11905.569075
11905.571609
11905.573881
11905.576255
11905.576426
11905.578820
11905.581093
11905.583625
11905.586030
11905.588375
11905.588440
11905.590837
11905.593113
11905.595640
11905.598043
11905.600453
11905.602855
11905.605135
11905.607656
11905.610060
11905.612412
11905.612478
11905.614867
11905.617189
11905.619511
11905.619688
11905.621948
11905.624389
11905.624481
11905.626753
11905.629126
11905.629284
11905.631689
11905.634092
11905.636368
11905.638761
11905.638918
11905.641167
11905.643561
11905.643643
11905.646106
11905.648374
11905.650912
11905.653183
11905.655720
11905.658122
11905.660391
11905.662810
11905.662963
11905.665273
11905.665339
11905.667735
11905.670091
11905.670157
11905.672543
11905.674811
11905.677229
11905.677397
11905.679749
11905.682045
11905.684557
11905.686960
11905.689228
11905.691766
11905.694169
11905.696463
11905.698834
11905.699011
11905.701252
11905.703779
11905.706055
11905.708585
11905.710860
11905.713298
11905.713394
11905.715796
11905.718201
11905.720466
11905.723004
11905.725413
11905.727817
11905.730221
11905.732513
11905.734916
11905.735031
11905.737348
11905.739827
11905.742231
11905.744633
11905.746903
11905.749337
11905.749481
11905.751842
11905.754245
11905.756598
11905.756666
11905.758980
11905.759062
11905.761456
11905.763724
11905.766260
11905.768665
11905.771069
11905.773474
11905.775881
11905.778174
11905.780590
11905.780685
11905.783084
11905.785486
[11904.407213] intel_ipu6_isys.isys intel_ipu6.isys.40: csi2-1 error: Inter-frame long packet discarded
[11904.416807] intel_ipu6_isys.isys intel_ipu6.isys.40: csi2-1 error: Single packet header error corrected
[11904.416830] intel_ipu6_isys.isys intel_ipu6.isys.40: csi2-1 error: Multiple packet header errors detected
[11904.416837] intel_ipu6_isys.isys intel_ipu6.isys.40: csi2-1 error: Payload checksum (CRC) error
[11904.416842] intel_ipu6_isys.isys intel_ipu6.isys.40: csi2-1 error: Incomplete long packet detected
