sensore gc5035 gc5035 2-003f /dev/v4l-subdev4 Intel IPU6 CSI2 2 /dev/video16
formato 2592x1944 GRBG bpl 5184 n 6
regs:
0 0x0f 0x0a
0 0x10 0x22
1 0x94 0x01
controlli:
exposure: 984
analogue_gain: 0
vertical_blanking: 64
horizontal_blanking: 328
pixel_rate: 168960000
rilettura:
# p reg scritto allo-stream-on(ret 0) ora(ret 0)
0 0x0f 0x0a 0x0a 0x0a
0 0x10 0x22 0x30! 0x22
1 0x94 0x01 0x01 0x01
timestamp:
8672.933122
8672.967823
8673.002531
8673.037232
8673.071938
8673.106642
8673.176051
8673.210753
8673.245457
8673.280161
8673.349583
8673.418977
8673.453683
8673.523091
8673.557794
8673.592498
8673.627204
8673.661908
8673.731331
8673.800725
8673.835430
8673.870132
8673.939555
8673.974243
8674.008949
8674.078371
8674.147778
8674.182471
8674.251876
8674.286583
8674.355989
8674.390693
8674.425397
8674.460101
8674.494807
8674.529513
8674.598934
8674.633622
8674.668328
8674.737735
8674.772440
8674.807144
8674.841851
8674.911269
8674.945962
8674.980667
8675.050076
8675.119497
8675.154187
8675.223608
8675.258299
8675.327718
8675.362409
8675.397114
8675.431818
8675.466522
8675.501228
8675.535929
8675.570636
8675.605339
8675.640044
8675.674747
8675.709453
8675.744155
8675.778862
8675.848282
8675.882973
8675.952393
8675.987085
8676.056496
8676.125900
8676.160605
8676.195311
8676.230014
8676.264720
8676.334127
8676.403549
8676.438240
8676.507648
8676.542350
8676.577054
8676.611759
8676.646464
8676.681165
8676.715873
8676.750574
8676.785281
8676.819985
8676.854690
8676.924097
8676.958801
8676.993505
8677.028208
8677.062912
8677.097616
8677.132323
8677.201731
8677.271137
8677.305842
8677.340545
8677.375251
8677.444659
8677.479362
8677.514071
8677.583475
8677.618180
8677.687586
8677.722289
8677.757000
8677.826418
8677.861109
8677.930515
8677.965219
8677.999926
8678.034627
8678.069332
8678.104038
8678.138741
8678.208151
8678.242852
8678.277557
8678.312260
8678.346967
8678.381670
8678.416375
8678.485785
8678.555194
8678.589895
8678.624598
8678.659303
8678.694010
8678.728714
8678.798119
8678.867528
8678.902233
8678.936937
8678.971641
8679.041052
8679.110457
8679.145163
8679.214569
8679.249275
8679.318695
8679.353386
8679.388091
8679.457498
8679.492201
8679.526907
8679.561611
8679.631020
8679.665721
8679.700428
8679.735132
8679.769835
8679.839258
8679.873947
8679.908653
8679.943357
8679.978060
8680.012765
8680.047469
8680.116877
8680.151581
8680.186285
8680.220990
8680.255695
8680.325117
8680.359809
8680.429217
8680.498639
8680.533326
8680.568030
8680.602736
8680.637438
8680.672144
8680.741552
8680.776255
8680.810959
8680.845663
8680.880366
8680.915073
8680.949777
8680.984482
8681.053906
8681.123294
8681.192717
8681.227408
8681.262116
8681.331521
8681.366225
8681.400929
8681.435633
8681.470338
8681.505043
8681.539745
8681.574449
8681.609154
8681.643860
8681.678562
8681.713265
8681.747970
8681.782675
8681.817380
8681.852084
8681.921504
8681.956197
8681.990900
8682.060308
8682.129717
8682.164421
8682.233841
8682.268535
8682.337941
8682.372647
8682.407349
8682.442055
8682.476760
8682.546165
8682.580872
8682.615576
8682.684982
8682.719687
8682.754391
8682.789097
8682.858519
8682.927926
8682.962615
8682.997320
8683.032026
8683.101434
8683.136136
8683.170841
8683.205546
8683.240250
8683.274953
8683.309659
8683.379067
8683.413770
8683.448475
8683.483177
8683.517881
8683.552586
8683.587292
8683.656698
8683.691405
8683.726108
8683.760810
8683.795517
8683.830219
8683.864924
8683.899628
8683.934334
8684.003742
8684.073148
8684.107851
8684.142558
8684.211963
8684.246670
8684.316079
8684.350783
8684.420203
8684.454894
8684.489601
8684.559020
8684.628430
8684.697825
8684.767248
8684.836641
8684.871343
8684.906046
8684.940753
8685.010162
8685.044865
8685.079570
8685.114272
8685.148975
8685.183682
8685.253088
8685.287793
8685.322496
8685.357203
8685.391908
8685.426610
8685.461313
8685.496019
8685.530720
8685.565426
8685.600133
8685.669553
8685.704244
8685.738950
8685.808371
8685.877765
8685.912467
8685.981877
8686.051286
8686.085987
8686.120694
8686.155396
8686.190104
8686.259525
8686.294213
8686.363621
8686.398326
8686.467735
8686.502440
8686.571847
8686.606553
8686.675960
8686.745368
8686.814775
8686.849481
8686.884186
8686.953607
8686.988299
8687.057704
8687.092409
8687.127113
8687.196535
8687.231224
8687.265929
8687.300633
8687.335339
8687.370043
8687.439453
8687.508858
8687.543560
8687.578266
8687.612968
[ 8682.442189] intel_ipu6_isys.isys intel_ipu6.isys.40: csi2-2 error: Inter-frame long packet discarded
[ 8682.510845] intel_ipu6_isys.isys intel_ipu6.isys.40: csi2-2 error: Single packet header error corrected
[ 8682.510893] intel_ipu6_isys.isys intel_ipu6.isys.40: csi2-2 error: Multiple packet header errors detected
[ 8682.510915] intel_ipu6_isys.isys intel_ipu6.isys.40: csi2-2 error: Payload checksum (CRC) error
[ 8682.510931] intel_ipu6_isys.isys intel_ipu6.isys.40: csi2-2 error: Incomplete long packet detected
