sensore gc5035 gc5035 2-003f /dev/v4l-subdev4 Intel IPU6 CSI2 2 /dev/video16
formato 2592x1944 GRBG bpl 5184 n 6
regs:
0 0x0f 0x0a
0 0x10 0x22
1 0x94 0x02
controlli:
exposure: 984
analogue_gain: 0
vertical_blanking: 64
horizontal_blanking: 328
pixel_rate: 168960000
rilettura:
# p reg scritto allo-stream-on(ret 0) ora(ret 0)
0 0x0f 0x0a 0x0a 0x0a
0 0x10 0x22 0x30! 0x22
1 0x94 0x02 0x02 0x02
timestamp:
8689.067379
8689.102080
8689.136786
8689.171488
8689.206194
8689.275604
8689.345022
8689.414433
8689.483826
8689.518530
8689.553236
8689.587939
8689.622645
8689.657348
8689.692052
8689.726757
8689.796164
8689.830870
8689.900277
8689.934981
8689.969685
8690.004388
8690.039098
8690.108515
8690.143206
8690.212615
8690.282023
8690.316728
8690.351430
8690.386136
8690.420839
8690.455546
8690.524967
8690.594358
8690.629063
8690.663769
8690.698470
8690.733177
8690.767882
8690.837288
8690.871994
8690.906697
8690.941402
8690.976106
8691.045512
8691.080220
8691.149639
8691.184329
8691.219033
8691.253738
8691.288441
8691.323147
8691.357853
8691.427271
8691.496666
8691.531373
8691.600781
8691.635482
8691.670189
8691.704892
8691.739596
8691.774299
8691.809006
8691.878411
8691.913117
8691.982538
8692.017229
8692.086636
8692.121342
8692.156045
8692.190750
8692.225454
8692.260158
8692.294860
8692.329566
8692.364270
8692.398976
8692.468395
8692.503087
8692.537789
8692.572494
8692.607199
8692.641905
8692.711312
8692.746016
8692.815424
8692.850139
8692.884834
8692.954255
8692.988943
8693.023663
8693.093071
8693.162467
8693.197171
8693.231876
8693.301283
8693.335987
8693.370691
8693.405396
8693.440098
8693.474803
8693.509508
8693.578931
8693.613620
8693.648327
8693.717730
8693.752437
8693.821857
8693.856547
8693.891251
8693.925958
8693.995378
8694.030067
8694.064771
8694.099476
8694.134182
8694.203589
8694.238293
8694.307703
8694.342406
8694.377111
8694.446533
8694.515939
8694.550630
8694.585333
8694.620041
8694.689460
8694.724150
8694.758859
8694.828265
8694.862968
8694.897671
8694.932375
8694.967082
8695.036502
8695.071194
8695.105899
8695.175307
8695.210010
8695.244714
8695.314137
8695.348825
8695.383530
8695.452954
8695.487644
8695.522347
8695.557050
8695.591754
8695.626457
8695.661165
8695.695867
8695.730570
8695.765276
8695.799982
8695.869387
8695.904093
8695.973500
8696.042909
8696.112331
8696.147022
8696.181727
8696.216429
8696.251132
8696.285837
8696.355261
8696.389949
8696.424654
8696.459357
8696.494062
8696.563471
8696.598176
8696.632880
8696.667583
8696.702287
8696.736991
8696.771709
8696.806398
8696.841104
8696.875808
8696.945231
8697.014624
8697.049330
8697.084033
8697.118739
8697.188146
8697.222848
8697.257554
8697.292259
8697.326962
8697.361666
8697.396384
8697.431074
8697.465778
8697.500481
8697.535188
8697.569890
8697.604596
8697.639302
8697.708720
8697.778131
8697.812821
8697.847524
8697.916933
8697.951637
8697.986341
8698.021045
8698.055751
8698.090454
8698.125157
8698.159862
8698.194568
8698.263976
8698.333384
8698.402792
8698.472216
8698.541607
8698.576310
8698.611013
8698.645719
8698.680423
8698.715127
8698.784537
8698.819238
8698.853944
8698.888649
8698.923352
8698.958055
8698.992763
8699.027465
8699.062169
8699.096875
8699.131592
8699.166282
8699.200987
8699.235692
8699.270395
8699.339802
8699.374506
8699.443916
8699.478620
8699.513322
8699.548026
8699.582733
8699.652154
8699.686858
8699.721547
8699.756250
8699.790955
8699.825661
8699.860366
8699.895068
8699.964475
8699.999182
8700.068604
8700.103292
8700.137999
8700.172700
8700.207409
8700.276814
8700.346223
8700.380925
8700.415629
8700.450333
8700.485039
8700.519741
8700.554447
8700.623870
8700.693262
8700.727968
8700.762673
8700.832081
8700.901502
8700.936191
8700.970897
8701.040306
8701.109714
8701.144418
8701.213825
8701.248530
8701.283234
8701.317936
8701.352642
8701.387345
8701.422050
8701.456753
8701.491459
8701.526164
8701.595571
8701.630274
8701.664979
8701.734387
8701.803796
8701.838501
8701.873203
8701.907908
8701.977316
8702.012032
8702.046727
8702.116137
8702.185553
8702.220246
8702.289656
8702.359062
8702.393766
8702.463175
8702.497877
8702.532581
8702.567287
8702.601990
8702.636696
8702.671399
8702.740824
8702.810229
8702.844919
8702.879623
8702.949046
8702.983737
8703.053147
8703.122553
8703.157259
8703.226666
8703.261368
8703.296075
8703.365485
8703.434889
8703.469595
8703.539001
8703.573706
8703.608412
8703.643118
8703.712538
8703.781931
8703.816636
[ 8698.610443] intel_ipu6_isys.isys intel_ipu6.isys.40: csi2-2 error: Payload checksum (CRC) error
[ 8698.610457] intel_ipu6_isys.isys intel_ipu6.isys.40: csi2-2 error: Frame sync error
[ 8698.645067] intel_ipu6_isys.isys intel_ipu6.isys.40: csi2-2 error: Single packet header error corrected
[ 8698.645108] intel_ipu6_isys.isys intel_ipu6.isys.40: csi2-2 error: Multiple packet header errors detected
[ 8698.645125] intel_ipu6_isys.isys intel_ipu6.isys.40: csi2-2 error: Payload checksum (CRC) error
