sensore gc8034 gc8034 1-0037 /dev/v4l-subdev5 Intel IPU6 CSI2 1 /dev/video8
formato 3284x2448 RGGB bpl 6592 n 6
regs:
0 0x09 0x00
0 0x0a 0x3a
0 0x0d 0x09
0 0x0e 0xa0
0 0x91 0x00
0 0x92 0x08
0 0x93 0x00
0 0x94 0x00
0 0x95 0x09
0 0x96 0x90
0 0x97 0x0c
0 0x98 0xd4
3 0x12 0x09
3 0x13 0x10
controlli:
exposure: 2246
analogue_gain: 0
vertical_blanking: 48
horizontal_blanking: 1008
pixel_rate: 255909888
rilettura:
# p reg scritto allo-stream-on(ret 0) ora(ret 0)
0 0x09 0x00 0x00 0x00
0 0x0a 0x3a 0x3a 0x3a
0 0x0d 0x09 0x09 0x09
0 0x0e 0xa0 0xa0 0xa0
0 0x91 0x00 0x00 0x00
0 0x92 0x08 0x08 0x08
0 0x93 0x00 0x00 0x00
0 0x94 0x00 0x00 0x00
0 0x95 0x09 0x09 0x09
0 0x96 0x90 0x90 0x90
0 0x97 0x0c 0x0c 0x0c
0 0x98 0xd4 0xd4 0xd4
3 0x12 0x09 0x09 0x09
3 0x13 0x10 0x10 0x10
timestamp:
11311.111047
11311.189716
11311.231369
11311.273022
11311.314677
11311.356330
11311.397983
11311.439638
11311.481292
11311.522947
11311.564600
11311.606254
11311.647907
11311.689561
11311.731213
11311.772868
11311.814520
11311.856174
11311.897828
11311.939481
11311.981134
11312.022788
11312.064442
11312.106095
11312.147750
11312.189403
11312.231059
11312.272712
11312.314368
11312.356021
11312.397673
11312.439327
11312.480979
11312.522636
11312.564287
11312.605942
11312.647596
11312.689251
11312.730905
11312.772558
11312.814211
11312.855866
11312.897520
11312.939171
11312.980826
11313.022482
11313.064132
11313.105786
11313.147441
11313.189096
11313.230750
11313.272402
11313.314058
11313.355711
11313.397364
11313.439017
11313.480670
11313.522325
11313.563977
11313.605631
11313.647287
11313.688941
11313.730593
11313.772248
11313.813902
11313.855554
11313.897211
11313.938864
11313.980518
11314.022171
11314.063825
11314.105477
11314.147133
11314.188784
11314.230439
11314.272094
11314.313748
11314.355400
11314.397054
11314.438707
11314.480363
11314.522018
11314.563670
11314.605325
11314.646978
11314.688632
11314.730283
11314.771939
11314.813592
11314.855246
11314.896900
11314.938554
11314.980209
11315.021863
11315.063515
11315.105168
11315.146821
11315.188475
11315.230130
11315.271784
11315.313439
11315.355091
11315.396746
11315.438399
11315.480054
11315.521707
11315.563359
11315.605015
11315.646669
11315.688320
11315.729974
11315.771628
11315.813283
11315.854935
11315.896589
11315.938242
11315.979897
11316.021553
11316.063207
11316.104858
11316.146512
11316.188167
11316.229820
11316.271477
11316.313127
11316.354782
11316.396434
11316.438091
11316.479745
11316.521399
11316.563051
11316.604705
11316.646358
11316.688012
11316.729667
11316.771321
11316.812975
11316.854627
11316.896279
11316.937935
11316.979587
11317.021243
11317.062894
11317.104550
11317.146203
11317.187859
11317.229510
11317.271165
11317.312819
11317.354473
11317.396127
11317.437779
11317.479432
11317.521089
11317.562742
11317.604396
11317.646049
11317.687704
11317.729356
11317.771011
11317.812663
11317.854318
11317.895971
11317.937625
11317.979281
11318.020932
11318.062587
11318.104239
11318.145893
11318.187550
11318.229201
11318.270855
11318.312510
11318.354164
11318.395818
11318.437469
11318.479123
11318.520780
11318.562433
11318.604087
11318.645739
11318.687393
11318.729048
11318.770702
11318.812354
11318.854010
11318.895663
11318.937316
11318.978972
11319.020622
11319.062278
11319.103933
11319.145586
11319.187240
11319.228892
11319.270544
11319.312200
11319.353852
11319.395509
11319.437163
11319.478815
11319.520468
11319.562123
11319.603777
11319.645429
11319.687083
11319.728738
11319.770391
11319.812047
11319.853701
11319.895352
11319.937007
11319.978662
11320.020315
11320.061969
11320.103621
11320.145274
11320.186928
11320.228584
11320.270236
11320.311892
11320.353546
11320.395199
11320.436853
11320.478504
11320.520162
11320.561815
11320.603466
11320.645122
11320.686776
11320.728428
11320.770081
11320.811737
11320.853391
11320.895042
11320.936697
11320.978351
11321.020004
11321.061658
11321.103311
11321.144967
11321.186621
11321.228274
11321.269926
11321.311582
11321.353235
11321.394890
11321.436542
11321.478195
11321.519849
11321.561504
11321.603159
11321.644810
11321.686464
11321.728117
11321.769772
11321.811427
11321.853081
11321.894734
11321.936388
11321.978042
11322.019695
11322.061349
11322.103003
11322.144656
11322.186311
11322.227963
11322.269618
11322.311272
11322.352927
11322.394578
11322.436232
11322.477886
11322.519540
11322.561193
11322.602848
11322.644501
11322.686155
11322.727809
11322.769462
11322.811115
11322.852771
11322.894426
11322.936079
11322.977733
11323.019388
11323.061039
11323.102693
11323.144348
11323.186002
11323.227656
11323.269312
11323.310961
11323.352615
11323.394270
11323.435924
11323.477576
11323.519232
11323.560887
11323.602540
11323.644192
11323.685848
11323.727500
11323.769154
11323.810806
11323.852463
11323.894115
11323.935768
11323.977424
11324.019075
11324.060729
11324.102384
11324.144038
11324.185690
11324.227345
11324.269000
11324.310653
11324.352309
11324.393960
11324.435617
11324.477269
11324.518922
11324.560576
11324.602230
11324.643882
11324.685537
11324.727189
11324.768845
11324.810499
[11310.403957] gc8034 i2c-GCTI8034:00: lab: 14 scritture, ret 0
