sensore gc5035 gc5035 2-003f /dev/v4l-subdev4 Intel IPU6 CSI2 2 /dev/video16
formato 2592x1944 GRBG bpl 5184 n 6
regs:
0 0x0f 0x0a
0 0x10 0x22
1 0x94 0x01
controlli:
exposure: 984
analogue_gain: 0
vertical_blanking: 64
horizontal_blanking: 328
pixel_rate: 168960000
timestamp:
3601.775489
3601.810195
3601.844896
3601.879601
3601.949009
3601.983713
3602.018417
3602.053124
3602.087825
3602.122529
3602.157234
3602.191937
3602.226645
3602.296050
3602.330754
3602.365460
3602.400164
3602.434867
3602.469572
3602.504274
3602.538979
3602.573685
3602.608390
3602.643091
3602.677795
3602.712502
3602.747205
3602.781910
3602.816613
3602.851318
3602.886023
3602.920724
3602.955429
3602.990133
3603.024840
3603.094247
3603.128953
3603.198358
3603.233063
3603.267767
3603.302470
3603.337176
3603.371879
3603.406584
3603.441287
3603.475991
3603.510694
3603.545400
3603.580105
3603.614809
3603.649511
3603.684217
3603.718920
3603.753624
3603.788329
3603.823034
3603.857735
3603.892440
3603.927146
3603.961850
3603.996556
3604.065962
3604.100668
3604.135369
3604.170077
3604.204777
3604.239483
3604.274188
3604.308891
3604.343595
3604.378297
3604.413004
3604.447707
3604.482411
3604.517114
3604.551819
3604.586523
3604.621229
3604.655930
3604.690637
3604.725340
3604.760045
3604.794750
3604.829452
3604.864156
3604.898859
3604.933563
3604.968267
3605.002972
3605.037676
3605.072383
3605.107087
3605.141788
3605.176493
3605.211199
3605.245901
3605.280605
3605.315308
3605.350013
3605.384719
3605.419422
3605.454127
3605.488830
3605.523533
3605.558238
3605.592944
3605.627647
3605.662351
3605.697057
3605.731761
3605.766465
3605.835872
3605.870577
3605.905282
3605.939986
3605.974687
3606.009393
3606.044096
3606.078802
3606.113506
3606.148210
3606.182913
3606.217618
3606.252322
3606.287025
3606.321731
3606.356435
3606.425842
3606.460546
3606.495250
3606.529953
3606.564658
3606.599362
3606.634068
3606.668773
3606.703475
3606.738182
3606.772883
3606.807586
3606.842290
3606.876996
3606.911699
3606.946404
3606.981108
3607.015813
3607.050518
3607.085221
3607.119925
3607.154630
3607.189334
3607.224039
3607.258743
3607.293446
3607.328148
3607.362854
3607.397559
3607.432262
3607.466964
3607.501670
3607.536376
3607.571077
3607.605782
3607.640486
3607.675191
3607.709896
3607.744599
3607.779303
3607.814010
3607.848712
3607.883417
3607.918119
3607.952825
3607.987529
3608.022233
3608.056936
3608.091642
3608.126344
3608.161048
3608.195753
3608.230457
3608.265162
3608.299864
3608.334568
3608.369275
3608.438681
3608.473387
3608.508092
3608.542793
3608.577498
3608.612201
3608.646907
3608.681610
3608.716315
3608.751017
3608.785722
3608.820430
3608.855130
3608.889835
3608.924539
3608.959244
3608.993948
3609.028651
3609.063357
3609.098059
3609.132765
3609.167467
3609.202171
3609.236879
3609.271580
3609.306287
3609.340990
3609.375693
3609.410398
3609.479804
3609.514509
3609.549216
3609.583918
3609.618624
3609.653325
3609.688032
3609.757439
3609.792141
3609.826847
3609.861551
3609.896255
3609.930961
3610.000367
3610.035070
3610.069775
3610.104479
3610.139185
3610.208608
3610.243295
3610.278000
3610.312704
3610.347408
3610.382112
3610.416815
3610.451520
3610.486224
3610.520930
3610.555634
3610.590336
3610.625040
3610.659747
3610.694449
3610.729153
3610.763857
3610.798562
3610.833268
3610.902675
3610.937379
3610.972084
3611.006786
3611.041492
3611.076196
3611.110898
3611.145606
3611.215013
3611.249715
3611.284420
3611.319126
3611.353827
3611.388532
3611.423235
3611.457939
3611.492645
3611.527350
3611.562054
3611.596755
3611.631463
3611.700870
3611.770277
3611.804981
3611.839688
3611.874392
3611.909093
3611.943799
3611.978502
3612.013208
3612.047911
3612.082616
3612.117317
3612.152024
3612.186727
3612.221430
3612.256136
3612.290841
3612.325542
3612.360246
3612.394951
3612.429655
3612.464360
3612.499065
3612.533769
3612.568472
3612.603177
3612.637882
3612.707290
3612.741993
3612.776699
3612.811403
3612.846105
3612.880810
3612.915513
3612.950219
3612.984923
3613.019625
3613.054331
3613.089035
3613.123737
3613.158441
3613.193147
3613.227850
3613.262558
3613.297259
3613.331964
3613.366666
3613.401373
3613.436074
3613.470781
3613.505485
3613.540187
3613.574892
3613.609598
3613.644302
3613.679006
3613.713709
3613.748413
3613.783115
3613.817820
3613.852526
3613.887228
3613.921933
3613.956638
3613.991340
3614.026049
3614.095454
3614.130159
3614.164863
3614.234271
3614.268974
3614.303678
3614.338383
3614.373089
3614.442508
3614.477199
3614.511904
3614.546610
3614.581312
3614.616015
3614.650721
3614.685423
3614.720128
3614.754832
3614.789537
3614.824240
3614.858945
3614.893651
3614.928353
3614.997762
3615.067171
3615.101873
3615.136580
3615.205988
3615.240690
3615.275395
3615.310098
3615.344804
3615.379507
3615.414212
3615.448915
3615.483618
3615.518321
3615.553028
3615.587730
3615.622435
3615.657139
3615.691843
3615.726549
3615.761252
3615.795956
3615.830662
3615.865365
3615.900068
3615.934773
3615.969478
3616.004179
3616.038885
3616.073592
3616.108294
3616.142998
3616.177701
3616.212406
3616.247109
3616.281814
3616.316519
3616.351222
3616.385926
3616.420630
3616.455333
3616.490038
3616.524744
[ 3611.503953] intel_ipu6_isys.isys intel_ipu6.isys.40: csi2-2 error: Inter-frame long packet discarded
[ 3611.538428] intel_ipu6_isys.isys intel_ipu6.isys.40: csi2-2 error: Multiple packet header errors detected
[ 3611.538448] intel_ipu6_isys.isys intel_ipu6.isys.40: csi2-2 error: Payload checksum (CRC) error
[ 3611.538454] intel_ipu6_isys.isys intel_ipu6.isys.40: csi2-2 error: Frame sync error
[ 3611.573178] intel_ipu6_isys.isys intel_ipu6.isys.40: csi2-2 error: Multiple packet header errors detected
