sensore gc5035 gc5035 2-003f /dev/v4l-subdev4 Intel IPU6 CSI2 2 /dev/video16
formato 2592x1944 GRBG bpl 5184 n 6
regs:
0 0x0f 0x0a
0 0x10 0x22
1 0x94 0x02
controlli:
exposure: 984
analogue_gain: 0
vertical_blanking: 64
horizontal_blanking: 328
pixel_rate: 168960000
timestamp:
3585.649655
3585.684358
3585.719064
3585.753768
3585.788471
3585.823176
3585.857881
3585.892583
3585.927287
3585.961991
3585.996696
3586.031402
3586.066106
3586.135512
3586.170216
3586.204920
3586.239626
3586.274329
3586.309034
3586.343736
3586.378440
3586.413147
3586.447849
3586.482553
3586.517258
3586.551963
3586.586665
3586.621371
3586.656076
3586.690779
3586.725484
3586.760186
3586.794890
3586.829595
3586.864299
3586.899004
3586.933707
3586.968412
3587.003115
3587.037820
3587.072524
3587.107229
3587.141932
3587.176638
3587.211341
3587.280750
3587.315455
3587.350159
3587.384862
3587.419565
3587.454269
3587.488975
3587.523679
3587.558381
3587.593086
3587.627792
3587.662497
3587.697198
3587.731903
3587.801313
3587.836017
3587.870719
3587.905422
3587.940129
3587.974833
3588.009538
3588.044240
3588.078946
3588.113649
3588.148355
3588.217762
3588.252466
3588.321873
3588.356577
3588.391281
3588.425985
3588.460691
3588.495395
3588.530098
3588.564803
3588.599508
3588.634212
3588.668917
3588.703618
3588.738324
3588.773028
3588.807732
3588.842438
3588.877142
3588.911844
3588.946549
3588.981253
3589.015957
3589.050661
3589.085364
3589.120072
3589.189476
3589.224184
3589.293591
3589.328294
3589.362999
3589.397703
3589.432405
3589.467112
3589.501814
3589.536519
3589.571222
3589.605925
3589.640630
3589.675336
3589.710040
3589.779447
3589.814150
3589.848856
3589.883560
3589.918265
3589.952968
3589.987672
3590.022378
3590.057080
3590.091785
3590.126488
3590.161192
3590.195899
3590.230601
3590.265304
3590.300008
3590.334715
3590.369417
3590.404121
3590.438827
3590.473532
3590.508233
3590.542940
3590.577641
3590.612348
3590.647050
3590.681754
3590.716460
3590.751164
3590.785868
3590.820573
3590.855277
3590.889981
3590.924686
3590.959388
3590.994093
3591.028796
3591.063501
3591.098205
3591.132909
3591.167613
3591.237022
3591.271726
3591.306431
3591.375838
3591.410542
3591.445245
3591.479951
3591.549360
3591.584063
3591.618770
3591.688176
3591.722881
3591.757587
3591.826991
3591.861695
3591.896401
3591.931105
3591.965808
3592.000513
3592.035219
3592.069921
3592.104624
3592.139331
3592.174032
3592.208738
3592.278148
3592.347554
3592.382259
3592.416962
3592.451666
3592.486369
3592.521074
3592.555779
3592.590482
3592.625186
3592.659891
3592.694595
3592.729300
3592.764004
3592.798709
3592.833411
3592.868119
3592.902821
3592.937523
3592.972228
3593.006934
3593.041637
3593.076341
3593.111046
3593.145751
3593.180454
3593.215157
3593.249862
3593.284564
3593.319270
3593.353973
3593.388678
3593.423381
3593.458087
3593.492790
3593.527497
3593.562200
3593.596903
3593.631608
3593.666312
3593.701015
3593.735719
3593.770422
3593.805126
3593.839833
3593.909242
3593.943944
3593.978648
3594.013352
3594.048060
3594.117464
3594.152169
3594.186874
3594.221577
3594.256285
3594.325690
3594.360394
3594.395100
3594.429803
3594.464506
3594.499213
3594.568621
3594.603324
3594.638029
3594.672732
3594.707435
3594.742139
3594.776843
3594.811550
3594.880971
3594.915662
3594.950363
3594.985068
3595.019772
3595.054476
3595.089180
3595.123887
3595.158591
3595.193294
3595.227998
3595.297405
3595.332110
3595.366817
3595.401518
3595.436222
3595.470927
3595.505632
3595.575056
3595.609743
3595.644446
3595.679153
3595.713855
3595.748561
3595.783266
3595.817968
3595.852673
3595.887378
3595.922081
3595.956788
3596.026192
3596.060897
3596.095601
3596.130305
3596.165008
3596.199715
3596.234417
3596.269122
3596.303829
3596.338531
3596.373234
3596.442644
3596.477346
3596.512052
3596.546756
3596.581458
3596.616163
3596.650868
3596.685572
3596.720279
3596.754980
3596.789685
3596.824387
3596.859094
3596.893797
3596.928502
3596.963203
3596.997909
3597.032612
3597.067316
3597.102020
3597.136728
3597.171431
3597.206135
3597.240839
3597.275543
3597.310248
3597.379654
3597.414358
3597.449064
3597.518471
3597.553176
3597.587881
3597.622584
3597.657288
3597.691990
3597.726696
3597.796104
3597.830807
3597.865514
3597.900217
3597.934922
3597.969625
3598.004329
3598.039035
3598.073738
3598.108442
3598.143146
3598.177851
3598.212553
3598.247259
3598.281964
3598.351370
3598.386078
3598.420780
3598.455483
3598.490188
3598.524890
3598.559597
3598.594300
3598.629003
3598.663710
3598.698412
3598.733117
3598.767820
3598.802523
3598.837229
3598.871932
3598.906636
3598.941342
3598.976044
3599.010748
3599.045456
3599.114860
3599.149565
3599.184268
3599.218972
3599.253678
3599.288380
3599.323085
3599.357790
3599.392496
3599.427199
3599.461903
3599.496607
3599.531311
3599.566016
3599.600719
3599.635423
3599.670128
3599.704832
3599.739536
3599.774242
3599.808944
3599.843649
3599.878354
3599.913056
3599.947761
3599.982465
3600.017171
3600.051873
3600.086576
3600.121282
3600.155988
3600.225394
3600.260098
3600.294802
3600.329506
3600.364211
[ 3595.413334] intel_ipu6_isys.isys intel_ipu6.isys.40: csi2-2 error: Multiple packet header errors detected
[ 3595.413346] intel_ipu6_isys.isys intel_ipu6.isys.40: csi2-2 error: Payload checksum (CRC) error
[ 3595.413355] intel_ipu6_isys.isys intel_ipu6.isys.40: csi2-2 error: Frame sync error
[ 3595.448048] intel_ipu6_isys.isys intel_ipu6.isys.40: csi2-2 error: Multiple packet header errors detected
[ 3595.448076] intel_ipu6_isys.isys intel_ipu6.isys.40: csi2-2 error: Payload checksum (CRC) error
