sensore gc8034 gc8034 1-0037 /dev/v4l-subdev5 Intel IPU6 CSI2 1 /dev/video8
formato 3264x2448 RGGB bpl 6528 n 6
regs:
0 0xad 0x30
controlli:
exposure: 2246
analogue_gain: 0
vertical_blanking: 48
horizontal_blanking: 1008
pixel_rate: 255909888
rilettura:
# p reg scritto allo-stream-on(ret 0) ora(ret -11)
0 0xad 0x30 0x00!
timestamp:
8606.128924
8606.147807
8606.163830
8606.207589
8606.249243
8606.284819
8606.332550
8606.374203
8606.415856
8606.457511
8606.499165
8606.540820
8606.582473
8606.624129
8606.665778
8606.707434
8606.743011
8606.790743
8606.832397
8606.874051
8606.909143
8606.957359
8606.999012
8607.040666
8607.082318
8607.123972
8607.165626
8607.207278
8607.248934
8607.290589
8607.332242
8607.373898
8607.395249
8607.415550
8607.457201
8607.498856
8607.540511
8607.576085
8607.623818
8607.665473
8607.707127
8607.748779
8607.790435
8607.832084
8607.873739
8607.909782
8607.957047
8607.998700
8608.040358
8608.063443
8608.082010
8608.123664
8608.165316
8608.206971
8608.248624
8608.290278
8608.331932
8608.373585
8608.415238
8608.436395
8608.456895
8608.498548
8608.540200
8608.581853
8608.623507
8608.665161
8608.706816
8608.748470
8608.790124
8608.831778
8608.857404
8608.873431
8608.915088
8608.956739
8608.998393
8609.040046
8609.081700
8609.123353
8609.165007
8609.206660
8609.248315
8609.283891
8609.331624
8609.373277
8609.414930
8609.456584
8609.498237
8609.539893
8609.581544
8609.623199
8609.664852
8609.685609
8609.706506
8609.748162
8609.789818
8609.831469
8609.873122
8609.912447
8609.950417
8609.998083
8610.039737
8610.081389
8610.123045
8610.164697
8610.206351
8610.248004
8610.283645
8610.331312
8610.372968
8610.414624
8610.456276
8610.497929
8610.539583
8610.581238
8610.622891
8610.664545
8610.706197
8610.747850
8610.789507
8610.831158
8610.872812
8610.914468
8610.956120
8610.997774
8611.039428
8611.081083
8611.122735
8611.159495
8611.206044
8611.247307
8611.289351
8611.324925
8611.372659
8611.414313
8611.455966
8611.497618
8611.539272
8611.580926
8611.622581
8611.664236
8611.690126
8611.705889
8611.747541
8611.789195
8611.830850
8611.872503
8611.914158
8611.955811
8611.997465
8612.039119
8612.078178
8612.122424
8612.164082
8612.205733
8612.247388
8612.289040
8612.330696
8612.372351
8612.414002
8612.455658
8612.497311
8612.538963
8612.580619
8612.622271
8612.663928
8612.699500
8612.726532
8612.747235
8612.788887
8612.830542
8612.872194
8612.913848
8612.955502
8612.997154
8613.038150
8613.080463
8613.122119
8613.159157
8613.205425
8613.247078
[ 8610.658492] intel_ipu6_isys.isys intel_ipu6.isys.40: csi2-1 error: Single packet header error corrected
[ 8610.658514] intel_ipu6_isys.isys intel_ipu6.isys.40: csi2-1 error: Multiple packet header errors detected
[ 8622.363671] intel_ipu6_isys.isys intel_ipu6.isys.40: stream stop time out
[ 8624.411650] intel_ipu6_isys.isys intel_ipu6.isys.40: stream close time out
[ 8624.412549] intel_ipu6_isys.isys intel_ipu6.isys.40: buffer list not empty, needs isys reset
