sensore gc8034 gc8034 1-0037 /dev/v4l-subdev5 Intel IPU6 CSI2 1 /dev/video8
formato 1632x1224 RGGB bpl 3264 n 6
regs:
0 0x66 0x2c
0 0x80 0x10
0 0xad 0x30
0 0xbc 0x49
0 0x92 0x04
0 0x94 0x05
0 0x95 0x04
0 0x96 0xc8
0 0x97 0x06
0 0x98 0x60
3 0x12 0xf8
3 0x13 0x07
controlli:
exposure: 2246
analogue_gain: 0
vertical_blanking: 1280
horizontal_blanking: 1008
pixel_rate: 255909888
rilettura:
# p reg scritto allo-stream-on(ret 0) ora(ret 0)
0 0x66 0x2c 0x2c 0x2c
0 0x80 0x10 0x13! 0x10
0 0xad 0x30 0x00! 0x30
0 0xbc 0x49 0x09! 0x49
0 0x92 0x04 0x04 0x04
0 0x94 0x05 0x05 0x05
0 0x95 0x04 0x04 0x04
0 0x96 0xc8 0xc8 0xc8
0 0x97 0x06 0x06 0x06
0 0x98 0x60 0x60 0x60
3 0x12 0xf8 0xf8 0xf8
3 0x13 0x07 0x07 0x07
timestamp:
8626.253587
8626.263994
8626.287682
8626.292291
8626.332252
8626.353401
8626.374044
8626.393183
8626.415827
8626.457614
8626.473831
8626.499401
8626.541188
8626.554478
8626.559752
8626.566360
8626.582975
8626.604265
8626.624763
8626.635515
8626.639054
8626.648667
8626.666551
8626.708338
8626.750124
8626.791913
8626.812543
8626.833700
8626.875487
8626.892699
8626.917273
8626.959060
8626.968547
8626.980095
8627.000852
8627.018124
8627.024886
8627.042635
8627.052120
8627.084425
8627.092439
8627.099833
8627.126210
8627.143486
8627.167999
8627.184826
8627.209788
8627.224875
8627.251574
8627.266254
8627.272406
8627.293362
8627.305515
8627.335147
8627.350771
8627.376934
8627.410917
8627.418721
8627.429139
8627.443089
8627.460510
8627.476067
8627.502298
8627.544084
8627.585872
8627.593687
8627.600762
8627.627658
8627.632870
8627.669446
8627.699222
8627.711233
8627.736070
8627.753020
8627.773041
8627.783797
8627.794808
8627.810547
8627.828056
8627.836596
8627.843860
8627.851487
8627.873980
8627.878382
8627.903285
8627.920171
8627.961958
8627.966969
8627.984313
8628.003743
8628.020821
8628.045531
8628.055685
8628.087321
8628.129104
8628.140859
8628.150874
8628.160952
8628.170894
8628.212681
8628.230691
8628.254468
8628.270293
8628.276959
8628.296254
8628.311146
8628.338045
8628.379830
8628.392299
8628.421618
8628.463404
8628.505193
8628.527749
8628.546980
8628.568076
8628.583297
8628.588769
8628.630552
8628.645645
8628.670543
8628.680823
8628.692105
8628.714128
8628.719798
8628.730937
8628.755252
8628.761518
8628.797702
8628.839488
8628.868668
8628.881279
8628.896283
8628.923064
8628.964852
8628.973935
8628.982263
8629.006639
8629.015589
8629.028664
8629.048426
8629.054304
8629.066103
8629.070860
8629.090214
8629.103629
8629.118056
8629.132002
8629.142887
8629.173788
8629.194811
8629.198352
8629.203565
8629.215577
8629.257362
8629.273322
8629.299153
8629.305356
8629.313899
8629.340938
8629.352557
8629.382725
8629.424512
8629.438868
8629.466299
8629.508086
8629.528233
8629.531989
8629.549875
8629.591661
8629.614221
8629.633450
8629.644000
8629.675235
8629.690317
8629.717023
8629.730580
8629.758809
8629.785050
8629.800599
8629.809079
8629.816339
8629.825233
8629.842383
8629.847863
8629.866755
8629.884171
8629.902200
8629.925960
8629.929713
8629.954199
8629.967749
8629.973082
8629.997522
8630.009534
8630.020284
8630.032231
8630.051322
8630.093108
8630.109467
8630.134895
8630.142178
8630.145648
8630.165540
8630.176683
8630.195763
8630.209599
8630.218469
8630.230625
8630.250983
8630.260259
8630.289902
8630.302046
8630.321667
8630.343832
8630.363663
8630.385619
8630.427405
8630.444616
8630.461054
8630.469193
8630.474873
8630.487889
8630.510982
8630.552768
8630.594557
8630.607177
8630.636343
8630.678128
8630.695890
8630.719919
8630.761706
8630.775195
8630.803492
8630.841346
8630.845281
8630.887068
8630.922583
8630.928856
8630.970640
8630.989397
8631.003688
8631.012430
8631.024982
8631.054216
8631.070359
8631.096003
8631.137792
8631.153818
8631.179051
8631.220567
8631.230648
8631.235922
8631.241461
8631.263153
8631.274974
8631.293730
8631.304940
8631.325222
8631.346727
8631.357679
8631.367490
8631.377236
8631.388516
8631.397798
8631.413883
8631.430301
8631.472088
8631.512547
8631.555663
8631.574156
8631.597452
8631.605000
8631.639239
8631.655513
8631.681028
8631.722811
8631.764599
8631.806388
8631.810396
8631.826149
8631.843973
8631.848176
8631.864583
8631.889960
8631.901830
8631.907574
8631.931750
8631.973535
8632.015324
8632.022071
8632.030331
8632.057111
8632.065061
8632.098898
8632.135482
8632.140225
8632.182471
8632.200290
8632.208578
8632.224259
8632.266045
8632.277336
8632.307834
8632.315650
8632.326379
8632.349622
8632.391410
8632.398223
8632.416645
8632.427730
8632.433199
8632.446684
8632.474985
8632.483667
8632.489868
8632.496273
8632.516772
8632.534600
8632.558557
8632.563094
8632.575967
8632.600347
8632.614036
8632.625584
8632.642133
8632.683920
8632.725709
8632.740714
8632.767494
8632.783570
8632.809282
8632.826044
8632.833720
8632.851069
8632.892855
8632.904945
8632.911421
8632.924434
8632.934645
8632.959412
8632.976431
8633.018217
8633.060005
8633.072961
8633.101794
8633.109075
8633.128900
8633.143581
8633.174290
8633.185370
8633.227156
8633.268941
8633.310728
8633.352516
8633.394305
8633.436092
8633.447043
8633.477878
8633.519666
8633.541099
8633.561453
8633.578529
8633.603239
8633.621252
8633.645026
8633.662522
8633.686814
8633.702492
8633.716458
8633.719998
8633.728604
8633.770388
8633.812178
8633.832942
8633.853967
8633.895752
8633.913229
8633.920923
8633.937539
8633.951677
8633.956033
8633.963045
8633.979326
8634.021116
8634.062902
8634.069582
8634.104689
8634.127847
8634.146477
8634.169913
8634.188262
8634.216769
8634.230051
8634.243939
8634.271839
8634.292594
8634.313626
8634.321907
8634.355413
8634.372957
8634.383904
8634.397200
8634.413690
8634.438985
8634.480774
8634.491377
8634.522562
8634.564348
8634.580490
8634.606136
8634.613016
8634.647922
8634.674764
8634.689710
8634.731499
8634.744185
8634.754999
8634.773284
8634.787573
8634.791781
8634.815072
8634.856858
8634.898649
8634.914187
8634.940434
8634.957780
8634.982222
8634.990238
8634.998045
8635.007659
8635.024009
8635.048578
8635.065795
8635.107582
8635.116801
8635.149371
8635.163918
8635.168868
8635.181950
8635.191158
8635.195035
8635.211906
8635.215593
8635.232944
8635.265528
8635.274733
8635.295963
8635.314522
8635.325203
8635.337678
8635.358308
8635.400094
8635.441882
8635.465173
8635.483669
8635.494688
8635.525457
8635.562174
8635.567247
8635.571321
8635.583536
8635.609031
8635.650818
8635.692605
8635.705157
8635.708445
8635.734391
8635.750735
8635.776180
8635.808224
8635.817967
8635.857823
8635.861954
8635.878384
8635.900478
8635.907022
8635.924175
8635.943328
8635.968165
8635.985116
8636.003347
8636.026906
8636.054876
8636.068692
8636.073101
8636.078911
8636.083965
8636.110477
8636.115489
8636.134848
8636.152266
8636.194053
8636.215608
8636.219557
8636.235842
8636.250714
8636.277628
8636.293101
8636.319415
8636.330901
8636.334890
8636.340377
8636.361204
8636.367082
8636.376149
8636.402988
8636.440441
8636.444776
8636.472949
8636.486563
8636.527287
8636.570138
8636.576410
8636.611924
8636.622279
8636.627085
8636.634810
8636.640902
8636.653712
8636.695502
8636.737287
8636.779075
8636.820862
8636.825407
8636.838890
8636.853507
8636.862649
8636.874604
8636.904437
8636.919861
8636.923146
8636.952291
8636.958512
8636.988011
8636.991768
8637.029798
8637.048418
8637.057707
8637.061779
8637.071585
8637.087061
8637.107704
8637.113375
8637.121524
8637.129582
8637.145219
8637.155162
8637.196946
8637.213841
8637.238733
8637.261492
8637.280520
8637.322311
8637.356291
8637.364096
8637.382374
8637.405883
8637.429719
8637.447671
8637.452415
8637.489459
8637.494671
8637.531247
8637.573035
8637.614821
8637.634249
8637.656609
8637.667226
8637.670630
8637.674838
8637.698394
8637.720896
8637.726820
8637.740182
8637.779035
8637.789987
8637.811945
8637.823758
8637.844790
8637.865544
8637.877564
8637.889247
8637.907330
8637.917084
8637.949120
8637.963399
8637.990905
8638.003727
8638.032693
8638.074481
8638.082430
8638.116269
8638.158056
8638.199841
8638.207856
8638.241630
8638.253917
8638.281352
8638.285692
8638.325205
8638.366990
8638.383935
8638.387405
8638.390651
8638.408779
8638.450568
8638.457246
8638.467659
8638.492355
8638.499699
8638.526869
8638.534143
8638.543158
8638.575930
8638.581006
8638.617716
8638.633724
8638.659501
8638.701288
8638.730531
8638.743076
8638.755232
8638.759237
8638.769849
8638.784865
8638.790745
8638.826655
8638.868438
8638.875386
8638.910227
8638.937399
8638.952014
8638.966837
8638.973980
8638.993800
8639.015101
8639.018638
8639.035589
8639.063429
8639.077377
8639.086193
8639.119162
8639.160951
8639.179912
8639.202737
8639.244524
8639.286313
8639.294462
8639.328098
8639.331943
8639.369888
8639.397461
8639.411675
8639.427347
8639.436843
8639.440137
8639.453461
8639.478965
8639.495247
8639.512064
8639.523222
8639.537034
8639.578824
8639.620612
8639.632696
8639.645038
8639.662398
8639.669278
8639.704185
8639.745972
8639.756925
8639.762516
8639.766405
8639.787760
8639.805169
8639.817005
8639.829548
8639.844160
8639.861524
8639.871334
8639.913122
8639.954910
8639.969265
8639.980078
8639.996696
8640.004844
8640.022267
8640.038485
8640.080270
8640.122058
8640.139801
8640.148029
8640.163848
8640.205633
8640.247421
8640.256503
8640.265963
8640.275527
8640.289208
8640.293550
8640.307550
8640.315847
8640.330994
8640.349089
8640.372781
8640.414568
8640.456358
8640.465690
8640.478121
8640.498143
8640.507893
8640.539930
8640.581719
8640.596075
8640.606622
8640.610693
8640.623504
8640.638396
8640.665294
8640.707081
8640.748867
8640.755947
8640.790655
8640.800338
8640.832442
8640.852472
8640.869096
8640.874231
8640.882778
8640.915418
8640.950666
8640.957804
8640.999591
[ 8635.719634] intel_ipu6_isys.isys intel_ipu6.isys.40: csi2-1 error: Line sync error
[ 8635.719651] intel_ipu6_isys.isys intel_ipu6.isys.40: csi2-1 error: Inter-frame short packet discarded
[ 8635.719668] intel_ipu6_isys.isys intel_ipu6.isys.40: csi2-1 error: Inter-frame long packet discarded
[ 8635.734397] intel_ipu6_isys.isys intel_ipu6.isys.40: csi2-1 error: Single packet header error corrected
[ 8635.734417] intel_ipu6_isys.isys intel_ipu6.isys.40: csi2-1 error: Multiple packet header errors detected
