maschera: 97.2% dei pixel
ciclo  1 (   8 s): 76.452 80.741 80.646 80.661 80.912 81.093 81.128 81.225 81.271 81.496 84.971
ciclo  2 (  16 s): 76.536 80.857 80.904 80.865 81.011 81.083 81.140 81.203 81.330 81.467 84.896
ciclo  3 (  23 s): 76.478 80.794 80.819 80.853 81.069 81.161 81.174 81.227 81.433 81.543 84.915
ciclo  4 (  31 s): 76.587 80.796 80.835 80.973 81.010 81.182 81.178 81.274 81.347 81.480 85.032
ciclo  5 (  40 s): 76.529 80.876 80.873 80.929 80.956 81.171 81.131 81.129 81.316 81.536 84.801
ciclo  6 (  48 s): 76.600 80.834 80.996 80.922 81.114 81.284 81.176 81.264 81.322 81.423 84.902
ciclo  7 (  57 s): 76.533 80.873 80.914 80.961 81.055 81.146 81.224 81.334 81.355 81.582 84.960
ciclo  8 (  65 s): 75.905 80.025 80.009 80.130 80.201 80.378 80.382 80.427 80.707 81.488 84.957
ciclo  9 (  74 s): 75.976 79.996 80.212 80.967 81.025 81.045 81.162 81.154 81.269 81.438 84.934
ciclo 10 (  82 s): 76.523 80.869 80.914 80.923 81.130 81.169 81.245 81.195 81.352 81.424 84.857
ciclo 11 (  90 s): 76.454 80.862 80.889 80.970 81.050 81.231 81.272 81.334 81.340 81.609 84.893
ciclo 12 (  98 s): 76.651 80.858 80.870 80.962 81.128 81.182 81.215 81.263 81.333 81.500 84.866
ciclo 13 ( 106 s): 76.608 80.859 80.842 81.018 81.012 81.204 81.190 81.258 81.342 81.529 84.930
ciclo 14 ( 114 s): 75.973 80.155 80.103 80.983 81.161 81.271 81.199 81.251 81.448 81.617 85.078
ciclo 15 ( 122 s): 76.056 80.001 79.954 80.109 80.268 80.517 81.293 81.326 81.461 81.487 84.897
ciclo 16 ( 130 s): 76.539 80.828 80.846 80.905 80.950 81.079 81.153 81.172 81.315 81.448 84.860
pendenza 150->250: 0.0852 ± 0.0007 LSB/riga
pendenza 200->208: 0.1082 ± 0.0113 LSB/riga
passo dentro coppia (2k->2k+1): +0.0828 ± 0.0140
passo fra coppie  (2k+1->2k+2): +0.1335 ± 0.0197
fra - dentro: +0.0508 ± 0.0256
attesi con p=0.0852: arrotonda -> dentro 0, fra 0.1704, differenza +0.1704; accetta -> dentro 0.0852, fra 0.0852, differenza 0
fine
