sensore gc8034 gc8034 1-0037 /dev/v4l-subdev5 Intel IPU6 CSI2 1 /dev/video8
formato 64x64 RGGB bpl 128 n 6
chiesto 5000 5000 6000 6000
crop Left 3218, Top 2436, Width 64, Height 64
controlli:
exposure: 108
analogue_gain: 0
vertical_blanking: 48
horizontal_blanking: 4208
pixel_rate: 255909888
timestamp:
15943.514629
15943.516363
15943.518273
15943.518367
15943.520107
96.569358
96.569358
96.569358
96.569358
96.569358
96.569359
96.569359
96.569359
96.569359
96.569359
96.569359
96.569359
96.569359
96.569359
96.569359
96.569359
15943.540711
15943.542568
15943.542663
15943.544536
15943.546405
15943.548208
15943.548276
15943.550150
15943.552010
15943.553879
15943.555751
15943.557618
15943.559487
15943.561358
15943.563097
15943.565000
15943.565136
15943.566880
15943.566963
15943.568704
15943.570697
15943.572469
15943.574439
15943.576310
15943.578177
15943.580047
15943.581916
15943.583785
15943.585654
15943.587521
15943.589352
15943.589419
15943.591262
15943.593130
15943.594907
15943.596866
15943.598737
15943.600475
15943.602324
15943.602476
15943.604209
15943.606213
15943.608085
15943.609836
15943.611821
15943.613689
15943.615558
15943.617428
15943.619166
15943.621167
15943.623035
15943.624914
15943.626775
15943.628507
15943.630376
15943.630545
15943.632391
15943.634110
