sensore gc8034 gc8034 1-0037 /dev/v4l-subdev5 Intel IPU6 CSI2 1 /dev/video8
formato 64x64 RGGB bpl 128 n 6
chiesto 0 0 64 64
crop Left 0, Top 0, Width 64, Height 64
controlli:
exposure: 108
analogue_gain: 0
vertical_blanking: 48
horizontal_blanking: 4208
pixel_rate: 255909888
timestamp:
15914.246059
15914.249262
15914.250998
15914.253004
15914.254739
15914.256617
15914.256652
96.568105
96.568105
96.568105
96.568105
96.568105
96.568105
96.568105
96.568105
96.568105
96.568105
96.568105
96.568105
15914.277125
15914.277187
15914.279029
15914.279199
15914.280905
96.568106
15914.282770
15914.282913
15914.284642
15914.286554
15914.286652
15914.288516
15914.290384
15914.292132
15914.294018
15914.294120
15914.295863
15914.297761
15914.297860
15914.299609
15914.301486
15914.301630
15914.303372
15914.305334
15914.307214
15914.308941
15914.310808
15914.310952
15914.312681
15914.314681
15914.316552
15914.318283
15914.320167
15914.320309
15914.322160
15914.323944
15914.324008
