sensore gc5035 gc5035 2-003f /dev/v4l-subdev4 Intel IPU6 CSI2 2 /dev/video16
formato 2616x1944 GRBG bpl 5248 n 6
regs:
0 0x0c 0x00
0 0x0f 0x0a
0 0x10 0x38
1 0x94 0x00
1 0x97 0x0a
1 0x98 0x38
controlli:
exposure: 984
analogue_gain: 0
vertical_blanking: 64
horizontal_blanking: 328
pixel_rate: 168960000
timestamp:
1238.086407
1238.155813
1238.225234
1238.259925
1238.329332
1238.398755
1238.468158
1238.502850
1238.572272
1238.606961
1238.641668
1238.711087
1238.780485
1238.849906
1238.919312
1238.988708
1239.058130
1239.092818
1239.127522
1239.196943
1239.266351
1239.335760
1239.405153
1239.439859
1239.509277
1239.543969
1239.578673
1239.613379
1239.682799
1239.752206
1239.786898
1239.856307
1239.925714
1239.960418
1239.995120
1240.064545
1240.133936
1240.168641
1240.238062
1240.272753
1240.342162
1240.376865
1240.411567
1240.480991
1240.550398
1240.619794
1240.654496
1240.723916
1240.793314
1240.862734
1240.932131
1241.001548
1241.036240
1241.105647
1241.140351
1241.209772
1241.279166
1241.348588
1241.417996
1241.452687
1241.487389
1241.522094
1241.591517
1241.660909
1241.695615
1241.730318
1241.765024
1241.834428
1241.869135
1241.938543
1242.007965
1242.042653
1242.077359
1242.146779
1242.216173
1242.285592
1242.320287
1242.389708
1242.459113
1242.493804
1242.563225
1242.632620
1242.702028
1242.771449
1242.806139
1242.840846
1242.910253
1242.944956
1243.014366
1243.083771
1243.118477
1243.187887
1243.257294
1243.326713
1243.396122
1243.465518
1243.500219
1243.569628
1243.604332
1243.673755
1243.743147
1243.777849
1243.812555
1243.881961
1243.916668
1243.986088
1244.020779
1244.055484
1244.124904
1244.194299
1244.229002
1244.298422
1244.333116
1244.402522
1244.471946
1244.541340
1244.610745
1244.645449
1244.680155
1244.749577
1244.784267
1244.853689
1244.923094
1244.992490
1245.061911
1245.131319
1245.200711
1245.235420
1245.304837
1245.339526
1245.374235
1245.443655
1245.478345
1245.547753
1245.582457
1245.617159
1245.651864
1245.686569
1245.755976
1245.790680
1245.825383
1245.860088
1245.929512
1245.998902
1246.033607
1246.103030
1246.137717
1246.172426
1246.241831
1246.311239
1246.345943
1246.415351
1246.450053
1246.484760
1246.554182
1246.623574
1246.692998
1246.727686
1246.762393
1246.831798
1246.866501
1246.901205
1246.970627
1247.005317
1247.074741
1247.144146
1247.178838
1247.248247
1247.317668
1247.387061
1247.456467
1247.491172
1247.560594
1247.595287
1247.664706
1247.699397
1247.734103
1247.768805
1247.838226
1247.872919
1247.942323
1247.977028
1248.046438
1248.115860
1248.185253
1248.219957
1248.289363
1248.324068
1248.358773
1248.428195
1248.462882
1248.497587
1248.532292
1248.566994
1248.601699
1248.636403
1248.705827
1248.740517
1248.809936
1248.844630
1248.879330
1248.914035
1248.983458
1249.018149
1249.087555
1249.122258
1249.191668
1249.226370
1249.295781
1249.365198
1249.434595
1249.504017
1249.573408
1249.608113
1249.677536
1249.746942
1249.781635
1249.851041
1249.885745
1249.920448
1249.955153
1249.989858
1250.059279
1250.093971
1250.163391
1250.232785
1250.267490
1250.336911
1250.371601
1250.406304
1250.475714
1250.545119
1250.579824
1250.614529
1250.649233
1250.718641
1250.753344
1250.822767
1250.857457
1250.926866
1250.996273
1251.030976
1251.065682
1251.135104
1251.204495
1251.239199
1251.308606
1251.343310
1251.412735
1251.447424
1251.482126
1251.551549
1251.586240
1251.655646
1251.690353
1251.725053
1251.759761
1251.794463
1251.829167
1251.863870
1251.898576
1251.967983
1252.037407
1252.106799
1252.176206
1252.210910
1252.245613
1252.315036
1252.349727
1252.419132
1252.453839
1252.523247
1252.592654
1252.627361
1252.696783
1252.766173
[ 1248.018829] intel_ipu6_isys.isys intel_ipu6.isys.40: csi2-2 error: Multiple packet header errors detected
[ 1248.018841] intel_ipu6_isys.isys intel_ipu6.isys.40: csi2-2 error: Payload checksum (CRC) error
[ 1248.018851] intel_ipu6_isys.isys intel_ipu6.isys.40: csi2-2 error: Frame sync error
[ 1248.054194] intel_ipu6_isys.isys intel_ipu6.isys.40: csi2-2 error: Single packet header error corrected
[ 1248.054215] intel_ipu6_isys.isys intel_ipu6.isys.40: csi2-2 error: Multiple packet header errors detected
