sensore gc5035 gc5035 2-003f /dev/v4l-subdev4 Intel IPU6 CSI2 2 /dev/video16
formato 1296x972 GRBG bpl 2624 n 6
regs:
0 0xf5 0xe4
0 0xf7 0x11
0 0xf9 0x12
0 0xfa 0x01
0 0x21 0x60
0 0x29 0x30
0 0x44 0x18
0 0x4e 0x20
0 0x8c 0x20
0 0x91 0x15
0 0x92 0x3a
0 0x95 0x45
0 0x96 0x35
0 0x97 0x20
0 0x9d 0x0c
0 0xd0 0xb3
0 0xd5 0xf0
3 0x01 0x87
3 0x02 0x58
3 0x22 0x03
3 0x26 0x06
3 0x29 0x03
3 0x2b 0x06
0 0x1f 0x19
0 0x33 0x20
1 0x44 0x02
1 0x49 0x00
1 0x4a 0x01
1 0x4b 0xf8
1 0x4e 0x06
2 0x14 0x02
2 0x15 0x00
1 0x92 0x04
1 0x94 0x03
1 0x95 0x03
1 0x96 0xcc
1 0x97 0x05
1 0x98 0x10
0 0x33 0x00
controlli:
exposure: 984
analogue_gain: 0
vertical_blanking: 64
horizontal_blanking: 328
pixel_rate: 168960000
timestamp:
1124.308594
1124.377599
1124.446587
1124.515580
1124.584573
1124.653567
1124.722559
1124.791551
1124.860545
1124.929541
1124.998533
1125.067523
1125.136517
1125.205511
1125.274502
1125.343497
1125.412490
1125.481484
1125.550477
1125.619470
1125.688461
1125.757453
1125.826447
1125.895443
1125.964433
1126.033426
1126.102418
1126.171413
1126.240405
1126.309397
1126.378393
1126.447386
1126.516378
1126.585371
1126.654362
1126.723357
1126.792348
1126.861344
1126.930336
1126.999330
1127.068326
1127.137316
1127.206306
1127.275299
1127.344294
1127.413287
1127.482280
1127.551273
1127.620266
1127.689260
1127.758251
1127.827245
1127.896240
1127.965230
1128.034224
1128.103218
1128.172208
1128.241203
1128.310195
1128.379189
1128.448183
1128.517175
1128.586169
1128.655162
1128.724154
1128.793146
1128.862140
1128.931132
1129.000127
1129.069120
1129.138112
1129.207107
1129.276099
1129.345089
1129.414083
1129.483076
1129.552068
1129.621062
1129.690055
1129.759060
1129.828040
1129.897034
1129.966029
1130.035020
1130.104016
1130.173008
1130.241999
1130.310991
1130.379987
1130.448980
1130.517973
1130.586966
1130.655959
1130.724954
1130.793943
1130.862938
1130.931929
1131.000925
1131.069913
1131.138909
1131.207905
1131.276897
1131.345889
1131.414881
1131.483873
1131.552869
1131.621862
1131.690851
1131.759848
1131.828840
1131.897832
1131.966825
1132.035818
1132.104811
1132.173802
1132.242798
1132.311788
1132.380783
1132.449778
1132.518771
1132.587764
1132.656757
1132.725747
1132.794740
1132.863734
1132.932726
1133.001720
1133.070714
1133.139707
1133.208700
1133.277691
1133.346686
1133.415680
1133.484673
1133.553665
1133.622657
1133.691651
1133.760643
1133.829636
1133.898631
1133.967623
1134.036614
1134.105609
1134.174600
1134.243595
1134.312586
1134.381580
1134.450573
1134.519564
1134.588562
1134.657552
1134.726545
1134.795537
1134.864531
1134.933524
1135.002515
1135.071511
1135.140505
1135.209498
1135.278488
1135.347481
1135.416477
1135.485466
1135.554460
1135.623455
1135.692448
1135.761442
1135.830433
1135.899425
1135.968420
1136.037409
1136.106406
1136.175400
1136.244388
1136.313385
1136.382379
1136.451369
1136.520363
1136.589357
1136.658350
1136.727342
1136.796335
1136.865328
1136.934319
1137.003313
1137.072305
1137.141298
1137.210292
1137.279286
1137.348279
1137.417270
1137.486265
1137.555259
1137.624251
1137.693243
1137.762236
1137.831230
1137.900221
1137.969214
1138.038206
1138.107198
1138.176193
1138.245186
1138.314180
1138.383173
1138.452165
1138.521161
1138.590151
1138.659146
1138.728138
1138.797129
1138.866121
1138.935116
1139.004109
1139.073101
1139.142096
1139.211086
1139.280081
1139.349073
1139.418068
1139.487059
1139.556053
1139.625045
1139.694039
1139.763030
1139.832025
1139.901020
1139.970012
1140.039006
1140.107997
1140.176991
1140.245985
1140.314976
1140.383969
1140.452964
1140.521955
1140.590946
1140.659943
1140.728933
1140.797924
1140.866920
1140.935911
1141.004903
1141.073892
1141.142887
1141.211876
1141.280868
1141.349858
1141.418847
1141.487840
1141.556832
1141.625824
1141.694814
1141.763807
1141.832794
1141.901789
1141.970778
1142.039770
1142.108760
1142.177754
1142.246745
1142.315734
1142.384724
1142.453717
1142.522705
1142.591697
1142.660687
1142.729678
1142.798671
1142.867662
1142.936651
1143.005645
1143.074633
1143.143626
1143.212620
1143.281608
1143.350600
1143.419592
1143.488580
1143.557574
1143.626566
1143.695556
1143.764545
1143.833540
1143.902528
1143.971520
1144.040513
1144.109504
1144.178491
1144.247485
1144.316478
1144.385465
1144.454457
1144.523447
1144.592439
1144.661434
1144.730422
1144.799412
1144.868403
1144.937395
1145.006386
1145.075378
1145.144368
1145.213359
1145.282350
1145.351343
1145.420334
1145.489324
1145.558316
1145.627307
1145.696297
1145.765287
1145.834277
1145.903270
1145.972259
1146.041249
1146.110244
1146.179233
1146.248223
1146.317215
1146.386206
1146.455196
1146.524187
1146.593179
1146.662170
1146.731162
1146.800150
1146.869143
1146.938136
1147.007124
1147.076116
1147.145108
1147.214098
1147.283090
1147.352082
1147.421071
1147.490062
1147.559053
1147.628042
1147.697037
1147.766025
1147.835017
1147.904010
1147.973002
1148.041992
1148.110982
1148.179971
1148.248964
1148.317954
1148.386946
1148.455937
1148.524930
1148.593921
1148.662910
1148.731902
1148.800894
1148.869884
1148.938876
1149.007865
1149.076857
1149.145847
1149.214839
1149.283833
1149.352822
1149.421812
1149.490802
1149.559792
1149.628784
1149.697775
1149.766768
1149.835758
1149.904752
1149.973740
1150.042732
1150.111724
1150.180719
1150.249707
1150.318697
1150.387689
1150.456678
1150.525668
1150.594660
1150.663652
1150.732642
1150.801633
1150.870628
1150.939614
1151.008608
1151.077599
1151.146586
1151.215579
1151.284570
1151.353561
1151.422555
1151.491545
1151.560533
1151.629526
1151.698518
1151.767511
1151.836497
1151.905491
1151.974481
1152.043474
1152.112463
1152.181454
1152.250445
1152.319440
1152.388430
1152.457420
1152.526411
1152.595403
1152.664392
1152.733382
1152.802374
1152.871365
1152.940357
1153.009347
1153.078339
1153.147329
1153.216322
1153.285310
1153.354304
1153.423296
1153.492286
1153.561278
1153.630270
1153.699257
1153.768248
1153.837238
1153.906233
1153.975223
1154.044212
1154.113206
1154.182199
1154.251187
1154.320179
1154.389169
1154.458160
1154.527152
1154.596143
1154.665131
1154.734125
1154.803118
1154.872106
1154.941095
1155.010088
1155.079079
1155.148069
1155.217062
1155.286055
1155.355045
1155.424035
1155.493026
1155.562018
1155.631007
1155.699999
1155.768990
1155.837981
1155.906975
1155.975963
1156.044952
1156.113946
1156.182935
1156.251928
1156.320920
1156.389911
1156.458902
1156.527891
1156.596886
1156.665876
1156.734866
1156.803857
1156.872849
1156.941839
1157.010831
1157.079821
1157.148812
1157.217801
1157.286791
1157.355785
1157.424778
1157.493768
1157.562759
1157.631750
1157.700742
1157.769732
1157.838722
1157.907712
1157.976707
1158.045695
1158.114688
1158.183677
1158.252671
1158.321658
1158.390649
1158.459642
1158.528633
1158.597624
1158.666616
1158.735605
1158.804597
1158.873586
1158.942581
1159.011570
1159.080562
1159.149553
1159.218544
1159.287536
1159.356527
1159.425516
1159.494509
1159.563501
1159.632489
1159.701482
1159.770474
1159.839465
1159.908455
1159.977446
1160.046436
1160.115428
1160.184418
1160.253411
1160.322400
1160.391391
1160.460383
1160.529373
1160.598367
1160.667356
1160.736346
1160.805340
1160.874328
1160.943321
1161.012312
1161.081302
1161.150293
1161.219283
1161.288276
1161.357267
1161.426256
1161.495251
1161.564240
1161.633232
1161.702222
1161.771212
1161.840206
1161.909194
1161.978187
1162.047176
1162.116168
1162.185158
1162.254150
1162.323139
1162.392132
1162.461122
1162.530114
1162.599107
1162.668095
1162.737089
1162.806078
1162.875069
1162.944062
1163.013052
1163.082046
1163.151032
1163.220024
1163.289017
1163.358006
1163.427000
1163.495989
1163.564982
1163.633972
1163.702962
1163.771953
1163.840946
1163.909937
1163.978929
1164.047917
1164.116909
1164.185901
1164.254894
1164.323884
1164.392877
1164.461863
1164.530856
1164.599847
1164.668836
1164.737829
1164.806820
1164.875810
1164.944802
1165.013793
1165.082785
1165.151774
1165.220765
1165.289758
1165.358749
1165.427739
1165.496729
1165.565723
1165.634714
1165.703704
1165.772696
1165.841685
1165.910678
1165.979670
1166.048660
1166.117650
1166.186641
1166.255633
1166.324622
1166.393615
1166.462605
1166.531598
1166.600586
1166.669578
1166.738570
1166.807560
1166.876552
1166.945543
1167.014535
1167.083526
1167.152516
1167.221509
1167.290497
1167.359487
1167.428480
1167.497469
1167.566462
1167.635452
1167.704444
1167.773436
1167.842427
1167.911416
1167.980411
1168.049400
1168.118393
1168.187380
1168.256372
1168.325364
1168.394355
1168.463346
1168.532336
1168.601328
1168.670320
1168.739309
1168.808302
1168.877291
1168.946282
1169.015272
1169.084265
1169.153257
1169.222251
1169.291241
1169.360231
1169.429222
1169.498212
1169.567202
1169.636194
1169.705187
1169.774177
1169.843169
1169.912159
1169.981150
1170.050139
1170.119132
1170.188121
1170.257114
1170.326104
1170.395098
1170.464084
1170.533081
1170.602070
1170.671060
1170.740052
1170.809042
1170.878036
1170.947024
1171.016017
1171.085006
1171.153998
1171.222987
1171.291982
1171.360972
1171.429960
1171.498953
1171.567946
1171.636936
1171.705927
1171.774920
1171.843908
1171.912900
1171.981893
1172.050882
1172.119874
1172.188864
1172.257856
1172.326848
1172.395837
1172.464828
1172.533819
1172.602812
1172.671803
1172.740791
1172.809784
1172.878773
1172.947767
1173.016760
1173.085748
1173.154741
1173.223731
1173.292721
1173.361712
1173.430705
1173.499695
1173.568686
1173.637676
1173.706668
1173.775661
1173.844651
1173.913641
1173.982634
1174.051623
1174.120614
1174.189606
1174.258599
1174.327589
1174.396578
1174.465571
1174.534563
1174.603552
1174.672545
1174.741535
1174.810526
1174.879516
1174.948508
1175.017497
1175.086492
1175.155480
1175.224475
1175.293462
1175.362454
1175.431445
1175.500437
1175.569428
1175.638417
1175.707413
1175.776398
1175.845392
1175.914383
1175.983371
1176.052366
1176.121357
1176.190345
1176.259337
1176.328329
1176.397318
1176.466314
1176.535305
1176.604294
1176.673284
1176.742276
1176.811266
1176.880257
1176.949251
1177.018239
1177.087231
1177.156224
1177.225213
1177.294203
1177.363195
1177.432185
1177.501176
1177.570168
1177.639158
1177.708149
1177.777141
1177.846131
1177.915123
1177.984114
1178.053103
1178.122095
1178.191090
1178.260076
1178.329068
1178.398063
1178.467051
1178.536043
1178.605036
1178.674024
1178.743015
1178.812009
1178.881000
1178.949988
1179.018983
1179.087971
1179.156964
1179.225955
1179.294947
1179.363936
1179.432927
1179.501919
1179.570907
1179.639901
1179.708893
1179.777881
1179.846873
1179.915865
1179.984857
1180.053844
1180.122839
1180.191828
1180.260819
1180.329811
1180.398804
1180.467795
1180.536784
1180.605773
1180.674766
1180.743757
1180.812747
1180.881740
1180.950731
1181.019720
1181.088712
1181.157703
1181.226695
1181.295686
1181.364676
1181.433669
1181.502661
1181.571648
1181.640642
1181.709632
1181.778623
1181.847613
1181.916607
1181.985597
1182.054588
1182.123578
1182.192569
1182.261561
1182.330551
1182.399541
1182.468535
1182.537527
1182.606515
1182.675505
1182.744500
1182.813490
1182.882480
1182.951473
1183.020462
1183.089453
1183.158445
1183.227435
1183.296425
1183.365418
1183.434407
1183.503401
1183.572393
1183.641382
1183.710372
1183.779363
1183.848354
[ 1182.400218] intel_ipu6_isys.isys intel_ipu6.isys.40: csi2-2 error: Frame sync error
[ 1182.469167] intel_ipu6_isys.isys intel_ipu6.isys.40: csi2-2 error: Payload checksum (CRC) error
[ 1182.469219] intel_ipu6_isys.isys intel_ipu6.isys.40: csi2-2 error: Frame sync error
[ 1182.538158] intel_ipu6_isys.isys intel_ipu6.isys.40: csi2-2 error: Payload checksum (CRC) error
[ 1182.538210] intel_ipu6_isys.isys intel_ipu6.isys.40: csi2-2 error: Frame sync error
