sensore gc5035 gc5035 2-003f /dev/v4l-subdev4 Intel IPU6 CSI2 2 /dev/video16
formato 1296x972 GRBG bpl 2624 n 6
regs:
0 0x33 0x20
1 0x92 0x04
1 0x94 0x03
1 0x95 0x03
1 0x96 0xcc
1 0x97 0x05
1 0x98 0x10
controlli:
exposure: 984
analogue_gain: 0
vertical_blanking: 64
horizontal_blanking: 328
pixel_rate: 168960000
timestamp:
1185.425290
1185.440016
1185.459992
1185.494692
1185.510456
1185.529398
1185.564098
1185.574209
1185.578413
1185.598804
1185.633502
1185.668206
1185.702910
1185.717774
1185.737612
1185.750682
1185.772317
1185.784379
1185.807022
1185.821818
1185.841723
1185.876426
1185.911128
1185.945831
1185.980535
1186.015235
1186.049941
1186.084643
1186.119344
1186.154050
1186.188753
1186.204447
1186.223457
1186.239667
1186.258158
1186.264672
1186.273853
1186.292860
1186.327564
1186.362265
1186.372027
1186.396972
1186.402239
1186.431670
1186.466376
1186.501079
1186.535779
1186.570482
1186.605185
1186.639888
1186.655101
1186.674591
1186.685862
1186.709296
1186.743998
1186.778702
1186.795850
1186.813405
1186.848108
1186.857279
1186.882809
1186.886280
1186.917511
1186.929071
1186.952214
1186.986918
1187.000437
1187.021622
1187.056323
1187.091029
1187.106794
1187.125734
1187.140531
1187.160438
1187.170099
1187.195141
1187.229844
1187.264550
1187.299254
1187.333958
1187.368661
1187.403369
1187.438073
1187.472778
1187.486189
1187.507482
1187.542183
1187.576888
1187.589543
1187.592653
1187.611594
1187.646295
1187.663596
1187.681002
1187.715705
1187.750410
1187.755127
1187.785112
1187.794876
1187.819818
1187.854522
1187.889226
1187.923931
1187.958636
1187.993339
1188.028045
1188.036317
1188.038424
1188.075262
1188.097454
1188.132158
1188.166862
1188.201565
1188.213180
1188.236272
1188.244234
1188.270976
1188.305678
1188.340383
1188.356080
1188.375090
1188.390785
1188.409790
1188.444495
1188.457907
1188.479201
1188.513906
1188.548609
1188.583313
1188.618017
1188.652723
1188.687426
1188.722129
1188.736929
1188.756835
1188.791537
1188.826245
1188.860946
1188.865666
1188.895652
1188.930354
1188.944322
1188.965061
1188.999766
1189.034467
1189.069172
1189.103877
1189.138581
1189.173284
1189.207990
1189.242693
1189.258804
1189.277399
1189.312106
1189.346805
1189.381509
1189.416214
1189.450921
1189.458334
1189.465229
1189.485625
1189.520328
1189.555031
1189.589736
1189.624442
1189.659144
1189.693850
1189.709096
1189.728556
1189.763259
1189.797963
1189.832667
1189.867370
1189.902076
1189.917771
1189.936781
1189.971485
1189.987734
1190.006189
1190.040892
1190.075597
1190.110298
1190.120061
1190.145006
1190.179707
1190.214414
1190.249118
1190.261923
1190.283821
1190.318525
1190.331039
1190.333393
1190.353231
1190.387936
1190.422638
1190.457345
1190.473450
1190.492048
1190.526751
1190.542446
1190.561455
1190.596160
1190.630865
1190.665566
1190.681264
1190.700272
1190.716868
1190.734979
1190.769679
1190.804386
1190.839088
1190.848710
1190.873796
1190.908499
1190.943203
1190.977908
1190.992321
1191.012613
1191.047317
1191.061627
1191.082021
1191.116724
1191.151430
1191.186133
1191.220836
1191.233904
1191.255542
1191.290243
1191.324950
1191.359653
1191.394356
1191.429062
1191.463766
1191.478977
1191.498473
1191.533174
1191.567878
1191.581293
1191.602583
1191.637288
1191.671994
1191.706697
1191.741401
1191.753572
1191.756005
1191.776107
1191.810808
1191.845515
1191.858925
1191.880217
1191.914922
1191.949625
1191.965323
1191.984330
1192.000096
1192.019036
1192.053739
1192.070402
1192.088444
1192.123145
1192.127931
1192.157853
1192.192555
1192.227260
1192.261965
1192.278523
1192.296671
1192.331374
1192.366079
1192.400783
1192.435486
1192.450349
1192.452533
1192.470191
1192.483259
1192.485888
1192.504896
1192.539599
1192.574301
1192.587717
1192.609009
1192.618769
1192.643714
1192.651085
1192.657228
1192.678415
1192.713118
1192.747824
1192.782527
1192.817232
1192.834382
1192.851939
1192.886642
1192.921347
1192.956050
1192.969566
1192.990753
1193.025458
1193.041155
1193.060164
1193.094865
1193.129571
1193.164276
1193.198979
1193.233682
1193.268390
1193.271822
1193.303091
1193.337797
1193.372502
1193.407205
1193.441910
1193.476613
1193.511319
1193.523974
1193.546022
1193.580728
1193.597389
1193.615432
1193.630680
1193.650135
1193.684840
1193.700535
1193.719544
1193.754247
1193.788952
1193.823659
1193.858359
1193.893066
1193.927768
1193.939329
1193.941737
1193.962475
1193.997176
1194.012876
1194.031885
1194.047094
1194.066588
1194.101291
1194.118298
1194.135996
1194.147553
1194.151207
1194.170699
1194.205404
1194.240106
1194.274811
1194.309517
1194.344220
1194.378923
1194.394527
1194.413628
1194.427043
1194.448334
1194.483037
1194.517744
1194.552446
1194.587151
1194.621855
1194.637461
1194.656559
1194.691262
1194.704332
1194.706961
1194.725969
1194.760672
1194.795377
1194.830080
1194.864785
1194.899487
1194.916787
1194.934193
1194.938872
1194.968897
1194.982863
1195.003603
1195.038307
1195.073011
1195.083119
1195.107715
1195.142418
1195.177123
1195.189743
1195.211828
1195.246533
1195.262296
1195.281235
1195.284118
1195.315938
1195.350644
1195.365890
1195.385350
1195.400214
1195.420051
1195.454758
1195.469360
1195.489461
1195.524163
1195.558871
1195.593573
1195.628279
1195.662983
1195.697687
1195.732390
1195.767096
1195.781892
1195.801798
1195.836504
1195.871208
1195.905913
1195.940616
1195.975322
1196.010026
1196.014358
1196.044729
1196.079435
1196.087297
1196.114140
1196.148843
1196.183548
1196.218251
1196.252956
1196.287660
1196.322361
1196.357069
1196.369581
1196.391772
1196.406637
1196.426477
1196.434788
1196.461179
1196.495883
1196.512480
1196.530590
1196.546697
1196.565295
1196.599999
1196.634702
1196.669407
1196.704110
1196.720220
1196.738817
1196.773520
1196.778237
1196.808221
1196.842930
1196.877634
1196.890990
1196.912337
1196.947041
1196.981745
1197.016447
1197.051152
1197.085855
1197.120561
1197.155264
1197.189969
1197.224676
1197.259379
1197.275078
1197.294084
1197.328787
1197.363490
1197.398194
1197.414859
1197.432902
1197.467606
1197.502311
1197.537012
1197.550720
1197.571719
1197.585973
1197.588313
1197.606421
1197.610789
1197.641127
1197.655991
1197.675832
1197.710534
1197.745238
1197.779946
1197.814647
1197.849350
1197.884057
1197.918761
1197.933625
1197.953463
1197.988167
1198.000075
1198.022871
1198.037289
1198.057576
1198.072443
1198.092281
1198.126986
1198.141849
1198.161691
1198.196392
1198.231099
1198.265802
1198.300506
1198.335213
1198.349524
1198.369914
1198.404619
1198.439324
1198.455433
1198.474031
1198.508733
1198.523598
1198.543439
1198.578140
1198.612844
1198.647548
1198.659721
1198.682253
1198.716958
1198.751660
1198.768326
1198.786367
1198.799780
1198.821073
1198.855773
1198.890479
1198.925184
1198.940048
1198.942295
1198.959889
1198.994593
1199.008004
1199.029297
1199.064002
1199.098706
1199.133408
1199.149108
1199.168117
1199.171587
1199.202817
1199.237521
1199.272228
1199.306929
1199.341635
1199.356498
1199.376340
1199.411044
1199.445748
1199.480452
1199.494419
1199.515156
1199.549861
1199.584566
1199.619268
1199.635380
1199.653973
1199.662389
1199.688677
1199.702231
1199.723383
1199.758087
1199.792789
1199.827493
1199.862199
1199.896904
1199.931605
1199.966310
1200.001017
1200.035720
1200.070425
1200.105126
1200.120376
1200.139832
1200.152795
1200.174537
[ 1197.330822] intel_ipu6_isys.isys intel_ipu6.isys.40: csi2-2 error: Single packet header error corrected
[ 1197.330835] intel_ipu6_isys.isys intel_ipu6.isys.40: csi2-2 error: Multiple packet header errors detected
