sensore gc8034 gc8034 1-0037 /dev/v4l-subdev5 Intel IPU6 CSI2 1 /dev/video8
formato 64x64 RGGB bpl 128 n 6
chiesto 5000 5000 6000 6000
crop Left 3218, Top 2436, Width 64, Height 64
controlli:
exposure: 108
analogue_gain: 0
vertical_blanking: 48
horizontal_blanking: 4208
pixel_rate: 256000000
timestamp:
16131.118188
16131.120058
16131.121850
16131.121925
16131.123739
16131.123805
16131.125540
16131.127533
16131.129403
16131.131272
16131.133141
16131.135012
16131.136883
16131.138750
16131.140618
16131.142353
16131.144354
16131.146225
16131.147960
16131.149963
16131.151833
16131.153710
16131.155449
16131.157302
16131.157441
16131.159318
16131.161180
16131.163045
16131.164922
16131.166784
16131.168519
16131.170523
16131.172392
16131.174137
16131.176127
16131.177998
16131.179869
16131.181635
16131.183606
16131.185369
16131.187345
16131.189218
16131.191081
16131.192950
16131.194820
16131.196695
16131.198386
96.577406
96.577406
96.577406
96.577406
96.577406
96.577406
96.577406
96.577406
96.577406
96.577406
96.577406
96.577406
96.577406
96.577406
96.577406
96.577406
96.577407
96.577406
16131.222759
16131.224726
16131.226594
16131.228466
16131.230211
16131.232097
16131.232202
16131.234070
16131.235940
16131.237819
16131.239680
16131.241547
16131.243416
16131.245284
16131.247033
16131.249022
16131.250891
16131.252627
16131.254632
16131.256502
16131.258370
16131.260238
16131.262106
16131.263853
16131.265688
16131.265864
16131.267583
16131.269462
16131.269626
16131.271453
16131.273323
16131.275190
16131.276942
16131.278929
16131.280797
16131.282667
16131.284402
16131.286406
16131.288160
16131.290025
16131.290145
16131.292017
16131.293884
16131.295750
16131.297619
16131.299355
16131.301359
16131.303226
16131.305096
16131.306832
16131.308832
16131.310591
16131.312570
16131.314446
16131.316310
16131.318046
16131.320047
16131.321924
16131.323656
16131.325509
16131.325584
16131.327525
16131.329393
16131.331152
16131.333130
16131.335007
16131.336872
16131.338606
96.577412
96.577412
96.577412
96.577412
96.577412
96.577412
96.577412
96.577412
96.577412
96.577412
96.577412
96.577412
96.577413
96.577413
