sensore gc8034 gc8034 1-0037 /dev/v4l-subdev5 Intel IPU6 CSI2 1 /dev/video8
formato 64x64 RGGB bpl 128 n 6
chiesto 0 0 64 64
crop Left 0, Top 0, Width 64, Height 64
controlli:
exposure: 108
analogue_gain: 0
vertical_blanking: 48
horizontal_blanking: 4208
pixel_rate: 256000000
timestamp:
16102.863485
16102.866685
16102.868444
96.576191
96.576191
96.576191
96.576191
96.576191
96.576191
96.576191
96.576191
96.576191
96.576191
96.576191
96.576191
96.576191
96.576191
96.576192
16102.887161
16102.888971
16102.889043
16102.890985
16102.892722
16102.894720
16102.896480
16102.898460
16102.900329
16102.902067
16102.903969
16102.904066
16102.905881
16102.905946
16102.907759
16102.907823
16102.909683
16102.911409
16102.913252
16102.913324
16102.915122
16102.917151
16102.918893
16102.920888
16102.922672
16102.924529
16102.924675
16102.926361
16102.928364
16102.930103
16102.932102
16102.933974
16102.935740
16102.937572
16102.937731
16102.939584
16102.941315
96.576194
96.576194
16102.945114
16102.947054
16102.948927
16102.950797
16102.952664
16102.954538
16102.956402
16102.958136
