sensore gc5035 gc5035 2-003f /dev/v4l-subdev4 Intel IPU6 CSI2 2 /dev/video16
formato 2592x1944 GRBG bpl 5184 n 6
regs:
0 0x0f 0x0a
0 0x10 0x22
1 0x94 0x02
controlli:
exposure: 984
analogue_gain: 0
vertical_blanking: 64
horizontal_blanking: 328
pixel_rate: 168960000
rilettura:
# p reg scritto allo-stream-on(ret 0) ora(ret 0)
0 0x0f 0x0a 0x0a 0x0a
0 0x10 0x22 0x30! 0x22
1 0x94 0x02 0x02 0x02
timestamp:
8584.973652
8585.008353
8585.043057
8585.077765
8585.147172
8585.181875
8585.251283
8585.320691
8585.390099
8585.424805
8585.494227
8585.528919
8585.598338
8585.633043
8585.667734
8585.702439
8585.771847
8585.806548
8585.841254
8585.875957
8585.910662
8585.945365
8585.980072
8586.049492
8586.084183
8586.118887
8586.153605
8586.188296
8586.222998
8586.257705
8586.327110
8586.361816
8586.396520
8586.465929
8586.500635
8586.535335
8586.570040
8586.604744
8586.639450
8586.708858
8586.778266
8586.812969
8586.847674
8586.917097
8586.986492
8587.055901
8587.125306
8587.160011
8587.229419
8587.264134
8587.298826
8587.333533
8587.402941
8587.437644
8587.472350
8587.541755
8587.576463
8587.645871
8587.680572
8587.715279
8587.784704
8587.854095
8587.923503
8587.958206
8588.027614
8588.062318
8588.097022
8588.131728
8588.201149
8588.235839
8588.270543
8588.305248
8588.374670
8588.444063
8588.478770
8588.548190
8588.582881
8588.652289
8588.686995
8588.756401
8588.825808
8588.860514
8588.895219
8588.929922
8588.999343
8589.034036
8589.068739
8589.103441
8589.138148
8589.172850
8589.207555
8589.276962
8589.311669
8589.346374
8589.381078
8589.450486
8589.519893
8589.589300
8589.624005
8589.658709
8589.728116
8589.762822
8589.832243
8589.866932
8589.901639
8589.936340
8589.971045
8590.005765
8590.075161
8590.144566
8590.213988
8590.248680
8590.283383
8590.318087
8590.352791
8590.387496
8590.422198
8590.456902
8590.491607
8590.526312
8590.561015
8590.595721
8590.630438
8590.665127
8590.699832
8590.734536
8590.769241
8590.803944
8590.838648
8590.873353
8590.908059
8590.942762
8590.977464
8591.012171
8591.046875
8591.081577
8591.116282
8591.185705
8591.220396
8591.255098
8591.289801
8591.324508
8591.359212
8591.393914
8591.428622
8591.498030
8591.567438
8591.602142
8591.671551
8591.706252
8591.740957
8591.810379
8591.845071
8591.914477
8591.949183
8591.983884
8592.018591
8592.088013
8592.157408
8592.192113
8592.261518
8592.296223
8592.365632
8592.400334
8592.435040
8592.469742
8592.504449
8592.573859
8592.643278
8592.677970
8592.712672
8592.747377
8592.782082
8592.816789
8592.886195
8592.920898
8592.955602
8592.990308
8593.059713
8593.094419
8593.163843
8593.198532
8593.233233
8593.267942
8593.337348
8593.406758
8593.476164
8593.510868
8593.580278
8593.649701
8593.684390
8593.753810
8593.788502
8593.823207
8593.892629
8593.927319
8593.962022
8593.996725
8594.031429
8594.066134
8594.100841
8594.135542
8594.170247
8594.204965
8594.239655
8594.274374
8594.309063
8594.343768
8594.378473
8594.447879
8594.482582
8594.517288
8594.551990
8594.586699
8594.656117
8594.690810
8594.725511
8594.760218
8594.829641
8594.864332
8594.933750
8594.968445
8595.003146
8595.037853
8595.107257
8595.141961
8595.176668
8595.246088
8595.280780
8595.315485
8595.384906
8595.419594
8595.454301
8595.489004
8595.558411
8595.593114
8595.627819
8595.662523
8595.697229
8595.731933
8595.766637
8595.801339
8595.836048
8595.905468
8595.940173
8596.009566
8596.044271
8596.078975
8596.113678
8596.148383
8596.183087
8596.252497
8596.321904
8596.356609
8596.391313
8596.426015
8596.460718
8596.495424
8596.530128
8596.564833
8596.599538
8596.634239
8596.668944
8596.703648
8596.738355
8596.807776
8596.842466
8596.911890
8596.946580
8597.015987
8597.050690
8597.085393
8597.120100
8597.189505
8597.224212
8597.293617
8597.328326
8597.397745
8597.432435
8597.467141
8597.536562
8597.571252
8597.605955
8597.640663
8597.710069
8597.779491
8597.848885
8597.883588
8597.918293
8597.952998
8598.022404
8598.057110
8598.091813
8598.126517
8598.161222
8598.195926
8598.230632
8598.300038
8598.334744
8598.404150
8598.438856
8598.473561
8598.542982
8598.577672
8598.612376
8598.647079
8598.681800
8598.751209
8598.820615
8598.890022
8598.924712
8598.959417
8598.994123
8599.063530
8599.098236
8599.167643
8599.202345
8599.237052
8599.306459
8599.341162
8599.375868
8599.410572
8599.445276
8599.479979
8599.514683
8599.549387
8599.584092
8599.618795
8599.653500
[ 8594.520466] intel_ipu6_isys.isys intel_ipu6.isys.40: csi2-2 error: Inter-frame long packet discarded
[ 8594.555813] intel_ipu6_isys.isys intel_ipu6.isys.40: csi2-2 error: Single packet header error corrected
[ 8594.555835] intel_ipu6_isys.isys intel_ipu6.isys.40: csi2-2 error: Multiple packet header errors detected
[ 8594.555845] intel_ipu6_isys.isys intel_ipu6.isys.40: csi2-2 error: Payload checksum (CRC) error
[ 8594.555850] intel_ipu6_isys.isys intel_ipu6.isys.40: csi2-2 error: Incomplete long packet detected
