sensore gc5035 gc5035 2-003f /dev/v4l-subdev4 Intel IPU6 CSI2 2 /dev/video16
formato 2592x1944 GRBG bpl 5184 n 6
regs:
0 0x0f 0x0a
0 0x10 0x22
1 0x94 0x01
controlli:
exposure: 984
analogue_gain: 0
vertical_blanking: 64
horizontal_blanking: 328
pixel_rate: 168960000
rilettura:
# p reg scritto allo-stream-on(ret 0) ora(ret 0)
0 0x0f 0x0a 0x0a 0x0a
0 0x10 0x22 0x30! 0x22
1 0x94 0x01 0x01 0x01
timestamp:
8568.723172
8568.757874
8568.792580
8568.861989
8568.931408
8568.966100
8569.000805
8569.070211
8569.104918
8569.139621
8569.209030
8569.243735
8569.313143
8569.382565
8569.451960
8569.486661
8569.521368
8569.590788
8569.625483
8569.694888
8569.729593
8569.798999
8569.833705
8569.903111
8569.937816
8570.007224
8570.041929
8570.076635
8570.146055
8570.215463
8570.284857
8570.319562
8570.354267
8570.423687
8570.458378
8570.527798
8570.562491
8570.597198
8570.666618
8570.701306
8570.736012
8570.770714
8570.805431
8570.840123
8570.874831
8570.944235
8570.978943
8571.048361
8571.083051
8571.117759
8571.152461
8571.221869
8571.256573
8571.291277
8571.325982
8571.360685
8571.395390
8571.430093
8571.464799
8571.499503
8571.534207
8571.568911
8571.638318
8571.673026
8571.742432
8571.777136
8571.811839
8571.846543
8571.881246
8571.915953
8571.985360
8572.054784
8572.124178
8572.158882
8572.228305
8572.297698
8572.332402
8572.367105
8572.401810
8572.471218
8572.505923
8572.540629
8572.610035
8572.679442
8572.714148
8572.748850
8572.783558
8572.852964
8572.887667
8572.922373
8572.957077
8573.026486
8573.095892
8573.130597
8573.165303
8573.234727
8573.304116
8573.338820
8573.373526
8573.442950
8573.477639
8573.547047
8573.616469
8573.651158
8573.685864
8573.755273
8573.824682
8573.894088
8573.963496
8573.998201
8574.067608
8574.137016
8574.171722
8574.206424
8574.241131
8574.275832
8574.310538
8574.345243
8574.379948
8574.449354
8574.484057
8574.518762
8574.553470
8574.622890
8574.657580
8574.726987
8574.796397
8574.831101
8574.900522
8574.935214
8574.969917
8575.039323
8575.074029
8575.108731
8575.143453
8575.212844
8575.247550
8575.282253
8575.316957
8575.386366
8575.421071
8575.455776
8575.490478
8575.525181
8575.559888
8575.594592
8575.664013
8575.698702
8575.733410
8575.802829
8575.872237
8575.906932
8575.976335
8576.011041
8576.045746
8576.080447
8576.115154
8576.149857
8576.184564
8576.253970
8576.288674
8576.358082
8576.392789
8576.427490
8576.496899
8576.531604
8576.566307
8576.601013
8576.670434
8576.739842
8576.774531
8576.809238
8576.878657
8576.948052
8577.017459
8577.052164
8577.086871
8577.156293
8577.225686
8577.260390
8577.295095
8577.364500
8577.399206
8577.468627
8577.538038
8577.607430
8577.642133
8577.676840
8577.711540
8577.746248
8577.780951
8577.815655
8577.850359
8577.885066
8577.919769
8577.989188
8578.023880
8578.058584
8578.093290
8578.162712
8578.197402
8578.232105
8578.266810
8578.301514
8578.370923
8578.440346
8578.509754
8578.544443
8578.579147
8578.613849
8578.648554
8578.717964
8578.787370
8578.822078
8578.891485
8578.960893
8578.995597
8579.030300
8579.065006
8579.134413
8579.169115
8579.203821
8579.238525
8579.273230
8579.307935
8579.342638
8579.377341
8579.412048
8579.446752
8579.516159
8579.585582
8579.620273
8579.689697
8579.759102
8579.793793
8579.863215
8579.932609
8579.967312
8580.002016
8580.036722
8580.106142
8580.140833
8580.210239
8580.244947
8580.314367
8580.349058
8580.383761
8580.418468
8580.487890
8580.557283
8580.626689
8580.661396
8580.696100
8580.730803
8580.765508
8580.800210
8580.834915
8580.904324
8580.939030
8581.008437
8581.043140
8581.077847
8581.147267
8581.216675
8581.251366
8581.286085
8581.320775
8581.355478
8581.424888
8581.494294
8581.528999
8581.563704
8581.633111
8581.667816
8581.702517
8581.737224
8581.771928
8581.806632
8581.841335
8581.876040
8581.945446
8581.980153
8582.049561
8582.084263
8582.118973
8582.188395
8582.257788
8582.327192
8582.361899
8582.431321
8582.466010
8582.500715
8582.535418
8582.570121
8582.604826
8582.639532
8582.708938
8582.743644
8582.813051
8582.847754
8582.882458
8582.917164
8582.951866
8582.986573
8583.021275
8583.055981
8583.090682
8583.125389
8583.194812
8583.264219
8583.333613
8583.368319
8583.403023
[ 8578.305449] intel_ipu6_isys.isys intel_ipu6.isys.40: csi2-2 error: Inter-frame long packet discarded
[ 8578.374765] intel_ipu6_isys.isys intel_ipu6.isys.40: csi2-2 error: Single packet header error corrected
[ 8578.374823] intel_ipu6_isys.isys intel_ipu6.isys.40: csi2-2 error: Multiple packet header errors detected
[ 8578.374846] intel_ipu6_isys.isys intel_ipu6.isys.40: csi2-2 error: Payload checksum (CRC) error
[ 8578.374865] intel_ipu6_isys.isys intel_ipu6.isys.40: csi2-2 error: Incomplete long packet detected
