sensore gc8034 gc8034 1-0037 /dev/v4l-subdev5 Intel IPU6 CSI2 1 /dev/video8
formato 3284x2510 RGGB bpl 6592 n 6
regs:
0 0x09 0x00
0 0x0a 0x06
0 0x0d 0x09
0 0x0e 0xde
0 0x91 0x00
0 0x92 0x08
0 0x93 0x00
0 0x94 0x00
0 0x95 0x09
0 0x96 0xce
0 0x97 0x0c
0 0x98 0xd4
3 0x12 0x09
3 0x13 0x10
controlli:
exposure: 2246
analogue_gain: 0
vertical_blanking: 48
horizontal_blanking: 1008
pixel_rate: 255909888
rilettura:
# p reg scritto allo-stream-on(ret 0) ora(ret 0)
0 0x09 0x00 0x00 0x00
0 0x0a 0x06 0x06 0x06
0 0x0d 0x09 0x09 0x09
0 0x0e 0xde 0xde 0xde
0 0x91 0x00 0x00 0x00
0 0x92 0x08 0x08 0x08
0 0x93 0x00 0x00 0x00
0 0x94 0x00 0x00 0x00
0 0x95 0x09 0x09 0x09
0 0x96 0xce 0xce 0xce
0 0x97 0x0c 0x0c 0x0c
0 0x98 0xd4 0xd4 0xd4
3 0x12 0x09 0x09 0x09
3 0x13 0x10 0x10 0x10
timestamp:
11150.106091
11150.185793
11150.229516
11150.273238
11150.316959
11150.360683
11150.404406
11150.448130
11150.491853
11150.535576
11150.579301
11150.623022
11150.666744
11150.710470
11150.754192
11150.797913
11150.841637
11150.885362
11150.929085
11150.972806
11151.016530
11151.060253
11151.103979
11151.147700
11151.191422
11151.235146
11151.278867
11151.322593
11151.366317
11151.410037
11151.453761
11151.497486
11151.541207
11151.584931
11151.628655
11151.672377
11151.716101
11151.759822
11151.803546
11151.847270
11151.890993
11151.934717
11151.978440
11152.022164
11152.065885
11152.109608
11152.153332
11152.197056
11152.240777
11152.284502
11152.328225
11152.371947
11152.415672
11152.459392
11152.503115
11152.546838
11152.590564
11152.634287
11152.678009
11152.721731
11152.765454
11152.809178
11152.852902
11152.896625
11152.940346
11152.984071
11153.027794
11153.071516
11153.115240
11153.158964
11153.202685
11153.246410
11153.290133
11153.333855
11153.377580
11153.421301
11153.465026
11153.508751
11153.552472
11153.596196
11153.639919
11153.683640
11153.727363
11153.771087
11153.814810
11153.858533
11153.902258
11153.945978
11153.989704
11154.033425
11154.077150
11154.120871
11154.164595
11154.208317
11154.252041
11154.295762
11154.339488
11154.383210
11154.426933
11154.470657
11154.514380
11154.558104
11154.601825
11154.645550
11154.689273
11154.732994
11154.776720
11154.820442
11154.864164
11154.907889
11154.951612
11154.995335
11155.039056
11155.082779
11155.126502
11155.170228
11155.213947
11155.257672
11155.301395
11155.345118
11155.388840
11155.432565
11155.476291
11155.520011
11155.563735
11155.607458
11155.651182
11155.694905
11155.738627
11155.782350
11155.826071
11155.869795
11155.913518
11155.957242
11156.000964
11156.044690
11156.088413
11156.132134
11156.175858
11156.219581
11156.263305
11156.307026
11156.350750
11156.394474
11156.438198
11156.481921
11156.525644
11156.569366
11156.613089
11156.656811
11156.700535
11156.744259
11156.787980
11156.831707
11156.875427
11156.919152
11156.962873
11157.006596
11157.050322
11157.094042
11157.137768
11157.181489
11157.225211
11157.268936
11157.312658
11157.356382
11157.400106
11157.443828
11157.487551
11157.531274
11157.574998
11157.618719
11157.662443
11157.706167
11157.749890
11157.793614
11157.837336
11157.881060
11157.924781
11157.968505
11158.012229
11158.055951
11158.099674
11158.143399
11158.187120
11158.230843
11158.274568
11158.318291
11158.362015
11158.405735
11158.449459
11158.493185
11158.536907
11158.580628
11158.624353
11158.668075
11158.711798
11158.755523
11158.799244
11158.842967
11158.886692
11158.930414
11158.974137
11159.017861
11159.061585
11159.105308
11159.149030
11159.192753
11159.236477
11159.280197
11159.323921
11159.367645
11159.411370
11159.455091
11159.498814
11159.542538
11159.586261
11159.629983
11159.673708
11159.717431
11159.761154
11159.804877
11159.848599
11159.892324
11159.936045
11159.979768
11160.023491
11160.067216
11160.110938
11160.154662
11160.198385
11160.242108
11160.285830
11160.329553
11160.373278
11160.417003
11160.460722
11160.504446
11160.548171
11160.591891
11160.635616
11160.679340
11160.723062
11160.766787
11160.810507
11160.854230
11160.897954
11160.941676
11160.985400
11161.029123
11161.072848
11161.116569
11161.160292
11161.204019
11161.247738
11161.291461
11161.335184
11161.378907
11161.422633
11161.466353
11161.510079
11161.553802
11161.597524
11161.641248
11161.684970
11161.728695
11161.772415
11161.816141
11161.859865
11161.903585
11161.947310
11161.991032
11162.034757
11162.078477
11162.122200
11162.165924
11162.209649
11162.253369
11162.297096
11162.340817
11162.384538
11162.428263
11162.471986
11162.515711
11162.559434
11162.603157
11162.646879
11162.690601
11162.734324
11162.778048
11162.821770
11162.865493
11162.909218
11162.952940
11162.996665
11163.040387
11163.084109
11163.127833
11163.171555
11163.215280
11163.259002
11163.302724
11163.346449
11163.390173
11163.433896
11163.477617
11163.521339
11163.565063
11163.608789
11163.652510
11163.696234
11163.739957
11163.783679
11163.827402
11163.871126
11163.914850
11163.958571
11164.002294
11164.046019
11164.089741
11164.133465
[11149.395357] gc8034 i2c-GCTI8034:00: lab: 14 scritture, ret 0
