sensore gc5035 gc5035 2-003f /dev/v4l-subdev4 Intel IPU6 CSI2 2 /dev/video16
formato 2592x1944 GRBG bpl 5184 n 64
regs:
controlli:
exposure: 984
analogue_gain: 0
vertical_blanking: 64
horizontal_blanking: 328
pixel_rate: 168960000
timestamp:
3502.918499
3502.953204
3502.987905
3503.022611
3503.057315
3503.092018
3503.126723
3503.161427
3503.196130
3503.230836
3503.300242
3503.334949
3503.369653
3503.404355
3503.473764
3503.508470
3503.543173
3503.612580
3503.647285
3503.681990
3503.751397
3503.786102
3503.820807
3503.890215
3503.924917
3503.959624
3504.029029
3504.063733
3504.098440
3504.167849
3504.202550
3504.271961
3504.480185
3504.792520
3505.000747
3505.035449
3505.070153
3505.104860
3505.174268
3505.208974
3505.243677
3505.313083
3505.347786
3505.382492
3505.451901
3505.486604
3505.521307
3505.590716
3505.625421
3505.660125
3505.729532
3505.764238
3505.798941
3505.868350
3505.903053
3505.937759
3506.007167
3506.041870
3506.076574
3506.111279
3506.180686
3506.215391
3506.284799
3506.319505
