sensore gc5035 gc5035 2-003f /dev/v4l-subdev4 Intel IPU6 CSI2 2 /dev/video16
formato 2592x1944 GRBG bpl 5184 n 6
regs:
0 0x0f 0x0a
0 0x10 0x20
1 0x94 0x00
controlli:
exposure: 984
analogue_gain: 0
vertical_blanking: 64
horizontal_blanking: 328
pixel_rate: 168960000
timestamp:
3474.253144
3474.287847
3474.357268
3474.391957
3474.426662
3474.461366
3474.496070
3474.530777
3474.565480
3474.600184
3474.634888
3474.669592
3474.739013
3474.773705
3474.808408
3474.843116
3474.912520
3474.947223
3474.981929
3475.016633
3475.051337
3475.086042
3475.120745
3475.155450
3475.190153
3475.224857
3475.259564
3475.294265
3475.328971
3475.363673
3475.398379
3475.433083
3475.467787
3475.502492
3475.537198
3475.571900
3475.606604
3475.641309
3475.676015
3475.710717
3475.745422
3475.780127
3475.814829
3475.849533
3475.884236
3475.918941
3475.953644
3475.988351
3476.057757
3476.092463
3476.161884
3476.196573
3476.231277
3476.265982
3476.300685
3476.335391
3476.370096
3476.404801
3476.439505
3476.474207
3476.508911
3476.543615
3476.578318
3476.613024
3476.647728
3476.682431
3476.717139
3476.751841
3476.786546
3476.821249
3476.855953
3476.890657
3476.925361
3476.960066
3476.994769
3477.029473
3477.064178
3477.098882
3477.133587
3477.168288
3477.202995
3477.237699
3477.272406
3477.307108
3477.341810
3477.376516
3477.411220
3477.445923
3477.480628
3477.515333
3477.550035
3477.584740
3477.619443
3477.654149
3477.688854
3477.758260
3477.792966
3477.827671
3477.897079
3477.931782
3477.966485
3478.001191
3478.035895
3478.070598
3478.105302
3478.140006
3478.174710
3478.209415
3478.244118
3478.278823
3478.313525
3478.348231
3478.382938
3478.452344
3478.487048
3478.521751
3478.556455
3478.591159
3478.625868
3478.695272
3478.729977
3478.799385
3478.834087
3478.868795
3478.903497
3478.938202
3478.972905
3479.007610
3479.042313
3479.077019
3479.111723
3479.146427
3479.181132
3479.215834
3479.250538
3479.285242
3479.319946
3479.354651
3479.389358
3479.424060
3479.458765
3479.493467
3479.528172
3479.562874
3479.597579
3479.632285
3479.666988
3479.701694
3479.736395
3479.771102
3479.805806
3479.840512
3479.875213
3479.909918
3479.944621
3479.979326
3480.014030
3480.048733
3480.083438
3480.118145
3480.187566
3480.222254
3480.256963
3480.326367
3480.361072
3480.395775
3480.430478
3480.465184
3480.499886
3480.534590
3480.569297
3480.603999
3480.638704
3480.673411
3480.708112
3480.742819
3480.777521
3480.812225
3480.846921
3480.881634
3480.916340
3480.985746
3481.020449
3481.055154
3481.124563
3481.159267
3481.193972
3481.228675
3481.263379
3481.298085
3481.332787
3481.367490
3481.402197
3481.471604
3481.506309
3481.541013
3481.575717
3481.610420
3481.645128
3481.714533
3481.749237
3481.783940
3481.818644
3481.853349
3481.888053
3481.922757
3481.957461
3481.992167
3482.026870
3482.061574
3482.096277
3482.130983
3482.165685
3482.200390
3482.235095
3482.269799
3482.304503
3482.339211
3482.408616
3482.443319
3482.478023
3482.512728
3482.547434
3482.616840
3482.651543
3482.686250
3482.720953
3482.755658
3482.790360
3482.825064
3482.859769
3482.894474
3482.929178
3482.963882
3482.998586
3483.033291
3483.067995
3483.102699
3483.137404
3483.172105
3483.206809
3483.241516
3483.276219
3483.310925
3483.345628
3483.380331
3483.415037
3483.449740
3483.484447
3483.519149
3483.553853
3483.588556
3483.623260
3483.657963
3483.692668
3483.727374
3483.762076
3483.796782
3483.831484
3483.866188
3483.900895
3483.935600
3483.970300
3484.005006
3484.039712
3484.074416
3484.109121
3484.143824
3484.178528
3484.213231
3484.247937
3484.282642
3484.317344
3484.386752
3484.421456
3484.456159
3484.490863
3484.525567
3484.560273
3484.594979
3484.629681
3484.664384
3484.699088
3484.733793
3484.803202
3484.837905
3484.872609
3484.907313
3484.942018
3484.976721
3485.011426
3485.046132
3485.080835
3485.115539
3485.184948
3485.219652
3485.254354
3485.289059
3485.323764
3485.358468
3485.393175
3485.427875
3485.462581
3485.497285
3485.531990
3485.566694
3485.601396
3485.636101
3485.670805
3485.705508
3485.740212
3485.774919
3485.809622
3485.844327
3485.879029
3485.913736
3485.948438
3486.017848
3486.052550
3486.087256
3486.121961
3486.156664
3486.191368
3486.226072
3486.260777
3486.330184
3486.364888
3486.399591
3486.434299
3486.503703
3486.538408
3486.573115
3486.607817
3486.642521
3486.677225
3486.711928
3486.746634
3486.781337
3486.816041
3486.850747
3486.885450
3486.920154
3486.954857
3486.989563
3487.024267
3487.058973
3487.128378
3487.163084
3487.197787
3487.232489
3487.267194
3487.301900
3487.371309
3487.406013
3487.440715
3487.475418
3487.510124
3487.544830
3487.579535
3487.648942
3487.683644
3487.718350
3487.753055
3487.787757
3487.822463
3487.857167
3487.891868
3487.926575
3487.961278
3487.995982
3488.030688
3488.065392
3488.100094
3488.134799
3488.169503
3488.204207
3488.238910
3488.273615
3488.308321
3488.343025
3488.377729
3488.412433
3488.447136
3488.481840
3488.516545
3488.551250
3488.585952
3488.620655
3488.655360
3488.690064
3488.724769
3488.759472
3488.794177
3488.828883
3488.898290
3488.932995
[ 3484.021126] intel_ipu6_isys.isys intel_ipu6.isys.40: csi2-2 error: Inter-frame long packet discarded
[ 3484.056332] intel_ipu6_isys.isys intel_ipu6.isys.40: csi2-2 error: Multiple packet header errors detected
[ 3484.056349] intel_ipu6_isys.isys intel_ipu6.isys.40: csi2-2 error: Payload checksum (CRC) error
[ 3484.056354] intel_ipu6_isys.isys intel_ipu6.isys.40: csi2-2 error: Frame sync error
[ 3484.090978] intel_ipu6_isys.isys intel_ipu6.isys.40: csi2-2 error: Multiple packet header errors detected
