sensore gc8034 gc8034 1-0037 /dev/v4l-subdev5 Intel IPU6 CSI2 1 /dev/video8
formato 3264x2448 RGGB bpl 6528 n 6
regs:
0 0xad 0x30
3 0x22 0x03
controlli:
exposure: 2246
analogue_gain: 0
vertical_blanking: 48
horizontal_blanking: 1008
pixel_rate: 255909888
timestamp:
4191.264604
4191.306257
4191.342015
4191.371534
4191.389562
4191.431217
4191.472871
4191.514524
4191.556176
4191.597833
4191.639485
4191.675245
4191.722793
4191.764446
4191.806103
4191.847755
4191.885129
4191.898262
4191.913034
4191.931061
4191.956419
4191.972717
4191.998075
4192.014371
4192.056023
4192.097678
4192.139330
4192.180984
4192.222639
4192.264293
4192.305948
4192.347600
4192.389253
4192.430906
4192.472559
4192.496519
4192.514216
4192.537840
4192.555871
4192.597524
4192.639178
4192.680828
4192.722485
4192.764140
4192.805792
4192.841216
4192.889100
4192.930751
4192.972407
4193.014061
4193.055713
4193.097369
4193.121325
4193.139022
4193.180676
4193.222330
4193.263983
4193.305639
4193.347293
4193.388946
4193.430596
4193.472251
4193.511011
4193.555559
4193.597215
4193.638869
4193.680522
4193.722174
4193.763830
4193.805484
4193.847136
4193.888790
4193.930445
4193.972098
4194.013753
4194.055407
4194.097058
4194.138715
4194.180369
4194.203991
4194.222021
4194.263675
4194.298450
4194.346982
4194.388636
4194.430289
4194.471941
4194.513598
4194.555250
4194.596905
4194.620528
4194.638560
4194.680214
4194.721866
4194.763520
4194.805173
4194.846828
4194.888481
4194.930135
4194.971787
4195.013445
4195.055094
4195.080457
4195.095493
4195.138406
4195.180061
4195.203680
4195.221714
4195.247003
4195.263365
4195.305019
4195.346673
4195.388329
4195.429981
4195.471634
4195.513287
4195.550048
4195.596597
4195.620219
4195.633638
4195.679904
4195.703526
4195.721558
4195.763211
4195.804867
4195.846520
4195.888175
4195.929826
4195.971482
4196.013134
4196.054786
4196.096441
4196.138096
4196.179748
4196.221402
4196.263055
4196.304712
4196.346364
4196.388017
4196.429674
4196.471327
4196.512980
4196.554633
4196.596286
4196.637941
4196.679593
4196.721248
4196.762902
4196.804558
4196.846210
4196.887864
4196.929517
4196.971170
4196.996329
4197.012825
4197.054480
4197.096133
4197.137787
4197.179443
4197.203064
4197.221095
4197.262747
4197.304402
4197.346057
4197.387710
4197.429362
4197.471015
4197.512671
4197.554326
4197.595977
4197.637632
4197.679287
4197.720939
4197.762594
4197.804246
4197.845902
4197.887556
4197.929209
4197.970862
4198.012516
4198.054168
4198.095822
4198.137478
4198.179130
4198.220786
4198.262440
4198.304094
4198.345750
4198.387399
4198.426393
4198.470707
4198.512362
4198.554014
4198.595670
4198.637322
4198.678975
4198.720634
4198.762284
4198.803939
4198.845592
4198.887246
4198.928897
4198.970553
4199.012206
4199.053861
4199.095512
4199.137169
4199.178823
4199.220477
4199.262128
4199.303784
4199.345436
4199.387092
4199.428747
4199.470400
4199.512054
4199.553705
4199.595358
4199.637014
4199.678668
4199.720322
4199.761976
4199.803630
4199.845283
[ 4198.446916] intel_ipu6_isys.isys intel_ipu6.isys.40: csi2-1 error: Single packet header error corrected
[ 4198.446934] intel_ipu6_isys.isys intel_ipu6.isys.40: csi2-1 error: Multiple packet header errors detected
[ 4207.706718] intel_ipu6_isys.isys intel_ipu6.isys.40: stream stop time out
[ 4209.754659] intel_ipu6_isys.isys intel_ipu6.isys.40: stream close time out
[ 4209.755446] intel_ipu6_isys.isys intel_ipu6.isys.40: buffer list not empty, needs isys reset
