sensore gc8034 gc8034 1-0037 /dev/v4l-subdev5 Intel IPU6 CSI2 1 /dev/video8
formato 1632x1224 RGGB bpl 3264 n 6
regs:
0 0x66 0x2c
0 0x80 0x10
0 0xad 0x30
0 0xbc 0x49
0 0x92 0x04
0 0x94 0x05
0 0x95 0x04
0 0x96 0xc8
0 0x97 0x06
0 0x98 0x60
3 0x12 0xf8
3 0x13 0x07
controlli:
exposure: 2246
analogue_gain: 0
vertical_blanking: 1280
horizontal_blanking: 1008
pixel_rate: 255909888
rilettura:
# p reg scritto allo-stream-on(ret 0) ora(ret -11)
0 0x66 0x2c 0x2c
0 0x80 0x10 0x13!
0 0xad 0x30 0x00!
0 0xbc 0x49 0x49
0 0x92 0x04 0x04
0 0x94 0x05 0x05
0 0x95 0x04 0x04
0 0x96 0xc8 0xc8
0 0x97 0x06 0x06
0 0x98 0x60 0x60
3 0x12 0xf8 0xf8
3 0x13 0x07 0x07
timestamp:
8726.558352
8726.577915
8726.600141
8726.620904
8726.641927
8726.675174
8726.683715
8726.725500
8726.767289
8726.809076
8726.815411
8726.850864
8726.892650
8726.902332
8726.909795
8726.934436
8726.976224
8727.018011
8727.031099
8727.059797
8727.093512
8727.101587
8727.114875
8727.139973
8727.143375
8727.158463
8727.167008
8727.185160
8727.226948
8727.241887
8727.268734
8727.310522
8727.319671
8727.323746
8727.352310
8727.394095
8727.401712
8727.435884
8727.448638
8727.477672
8727.499169
8727.519460
8727.561247
8727.579541
8727.594159
8727.603034
8727.609237
8727.617523
8727.644821
8727.657041
8727.664918
8727.686608
8727.721523
8727.728398
8727.754568
8727.770182
8727.778531
8727.811970
8727.824856
8727.837809
8727.853756
8727.863043
8727.895544
8727.910016
8727.914576
8727.937333
8727.979119
8728.003821
8728.020909
8728.062695
8728.066761
8728.078969
8728.084051
8728.098878
8728.104482
8728.134057
8728.146270
8728.188055
8728.229842
8728.234120
8728.240994
8728.271629
8728.290308
8728.313417
8728.336053
8728.340324
8728.355206
8728.364624
8728.370879
8728.396993
8728.438778
8728.454253
8728.480566
8728.522354
8728.539630
8728.564140
8728.573090
8728.597989
8728.605929
8728.616747
8728.646855
8728.689504
8728.731291
8728.772280
8728.814864
8728.849715
8728.856651
8728.898440
8728.905588
8728.940228
8728.948511
8728.982014
8729.023803
8729.065587
8729.084266
8729.107375
8729.132546
8729.149164
8729.190949
8729.219794
8729.223599
8729.232741
8729.256908
8729.261164
8729.274524
8729.316310
8729.358101
8729.399887
8729.441673
8729.457014
8729.483462
8729.525249
8729.560097
8729.567036
8729.608823
8729.650611
8729.667887
8729.692397
8729.724577
8729.734188
8729.758220
8729.775975
8729.790528
8729.817763
8729.837314
8729.846335
8729.859545
8729.868898
8729.875824
8729.901336
8729.943122
8729.958548
8729.984911
8729.996864
8730.026698
8730.045242
8730.068484
8730.103265
8730.110273
8730.119154
8730.152056
8730.193844
8730.212406
8730.226491
8730.235634
8730.277422
8730.305593
8730.311735
8730.319206
8730.337886
8730.345713
8730.351721
8730.360994
8730.402783
8730.426549
8730.437500
8730.444569
8730.486357
8730.528145
8730.539027
8730.547422
8730.560725
8730.569933
8730.583756
8730.587106
8730.611720
8730.616596
8730.653507
8730.695293
8730.713454
8730.737079
8730.747698
8730.754908
8730.778868
8730.790153
8730.820656
8730.862440
8730.899896
8730.904231
8730.946017
8730.965963
8730.987804
8731.029591
8731.038542
8731.050076
8731.055095
8731.071381
8731.113166
8731.125652
8731.154954
8731.161090
8731.169562
8731.186866
8731.196740
8731.214816
8731.238528
8731.251083
8731.280313
8731.315167
8731.322105
8731.340583
8731.350811
8731.360825
8731.382918
8731.405676
8731.447464
8731.462487
8731.489252
8731.509617
8731.531041
8731.536518
8731.547383
8731.572827
8731.614612
8731.656400
8731.673830
8731.685979
8731.698188
8731.711744
8731.739976
8731.746313
8731.754181
8731.759673
8731.781761
8731.786042
8731.823550
8731.836770
8731.865337
8731.887904
8731.907124
8731.914740
8731.924818
8731.929357
8731.948911
8731.964794
8731.968860
8731.990698
8732.010845
8732.032486
8732.051048
8732.058860
8732.074275
8732.091418
8732.109189
8732.116063
8732.123742
8732.157849
8732.165198
8732.173138
8732.199634
8732.241421
8732.283210
8732.301621
8732.324997
8732.342341
8732.366785
8732.394290
8732.408571
8732.426400
8732.450360
8732.492145
8732.501963
8732.508088
8732.533935
8732.550409
8732.559640
8732.575721
8732.596220
8732.605297
8732.617509
8732.642345
8732.650222
8732.659297
8732.664499
8732.679709
8732.701084
8732.742871
8732.773581
8732.784659
8732.825515
8732.868230
8732.878518
8732.882646
8732.910019
8732.951808
8732.976700
8732.993595
8733.003346
8733.022020
8733.035380
8733.049997
8733.077167
8733.093510
8733.118956
8733.144325
8733.160745
8733.181758
8733.202530
8733.244316
8733.260124
8733.269556
8733.286107
8733.317682
8733.327894
8733.349582
8733.369678
8733.374824
8733.396784
8733.402327
8733.411469
8733.417804
8733.453253
8733.461738
8733.475413
8733.483435
8733.495041
8733.503191
8733.536827
8733.558184
8733.578617
8733.620405
8733.636945
8733.645374
8733.662192
8733.693569
8733.703976
8733.745766
8733.765911
8733.787552
8733.808718
8733.829341
8733.844345
8733.849888
8733.870329
8733.912915
8733.954702
8733.996489
8734.006442
8734.038277
8734.054217
8734.070054
8734.080061
8734.117117
8734.121852
8734.143008
8734.163639
8734.179178
8734.205423
8734.247213
8734.289001
8734.308687
8734.330788
8734.372573
8734.389049
8734.414360
8734.456150
8734.473043
8734.496808
[ 8731.052388] intel_ipu6_isys.isys intel_ipu6.isys.40: csi2-1 error: Single packet header error corrected
[ 8731.052404] intel_ipu6_isys.isys intel_ipu6.isys.40: csi2-1 error: Multiple packet header errors detected
[ 8742.870556] intel_ipu6_isys.isys intel_ipu6.isys.40: stream stop time out
[ 8744.918333] intel_ipu6_isys.isys intel_ipu6.isys.40: stream close time out
[ 8744.919069] intel_ipu6_isys.isys intel_ipu6.isys.40: buffer list not empty, needs isys reset
