sensore gc8034 gc8034 1-0037 /dev/v4l-subdev5 Intel IPU6 CSI2 1 /dev/video8
formato 3264x2448 RGGB bpl 6528 n 6
regs:
0 0xad 0x30
controlli:
exposure: 2246
analogue_gain: 0
vertical_blanking: 48
horizontal_blanking: 1008
pixel_rate: 255909888
rilettura:
# p reg scritto allo-stream-on(ret 0) ora(ret 0)
0 0xad 0x30 0x30 0x30
timestamp:
8710.443403
8710.485054
8710.526709
8710.568363
8710.609626
8710.651668
8710.693324
8710.734976
8710.776631
8710.818286
8710.859940
8710.901595
8710.943249
8710.984900
8711.026554
8711.068209
8711.109861
8711.132150
8711.145437
8711.193170
8711.234822
8711.276478
8711.318131
8711.359783
8711.401048
8711.443091
8711.484747
8711.526401
8711.562440
8711.609708
8711.651361
8711.693015
8711.734669
8711.776322
8711.817584
8711.859630
8711.901284
8711.942938
8711.983669
8712.026246
8712.067900
8712.109553
8712.151208
8712.192859
8712.234516
8712.276168
8712.317819
8712.359477
8712.401129
8712.442783
8712.484435
8712.526091
8712.567743
8712.609400
8712.628752
8712.651051
8712.692707
8712.734361
8712.776014
8712.817666
8712.859322
8712.900974
8712.942628
8712.984284
8713.025937
8713.067589
8713.109243
8713.150897
8713.192551
8713.234204
8713.275858
8713.312900
8713.359168
8713.400820
8713.442473
8713.484126
8713.525782
8713.567436
8713.588724
8713.609089
8713.650744
8713.692397
8713.734051
8713.775705
8713.817357
8713.836712
8713.859011
8713.900666
8713.942318
8713.983972
8714.025626
8714.067282
8714.108544
8714.150589
8714.192241
8714.233894
8714.275549
8714.317202
8714.358858
8714.400511
8714.421331
8714.442166
8714.465253
8714.483821
8714.525472
8714.567125
8714.608780
8714.650435
8714.692087
8714.733741
8714.775393
8714.817048
8714.858700
8714.900358
8714.921511
8714.942011
8714.983662
8715.025318
8715.066970
8715.108625
8715.150279
8715.191934
8715.233586
8715.271296
8715.316894
8715.358548
8715.400202
8715.441858
8715.483507
8715.525164
8715.546320
8715.566819
8715.608471
8715.650125
8715.691120
8715.733429
8715.775087
8715.816740
8715.858395
8715.893969
8715.941701
8715.983355
8716.025009
8716.066662
8716.108316
8716.149969
8716.191625
8716.233279
8716.274933
8716.316586
8716.358239
8716.399895
8716.436268
8716.483201
8716.524853
8716.566508
8716.587263
8716.608161
8716.649815
8716.691469
8716.733124
8716.774775
8716.816429
8716.858083
8716.899736
8716.939065
8716.983045
8717.024698
8717.059792
8717.108007
8717.149662
8717.170814
8717.191316
8717.232968
8717.274230
8717.316273
8717.357933
8717.399586
8717.441239
8717.482889
8717.524543
8717.566196
8717.607852
8717.649507
8717.691162
8717.732814
8717.774467
8717.816121
8717.857775
8717.899429
8717.941081
8717.982737
8718.024392
8718.059966
8718.107696
8718.126386
8718.149351
8718.191005
8718.232662
8718.274314
8718.315967
8718.357624
8718.399275
8718.440927
8718.482582
8718.524236
8718.565888
8718.601465
8718.649197
8718.690851
8718.732503
8718.774157
8718.815812
8718.851388
8718.899121
8718.940773
8718.982428
8719.024081
8719.065734
8719.086889
8719.107389
8719.149043
8719.190695
8719.232348
8719.274003
8719.315656
8719.357310
8719.398965
8719.440619
8719.482272
8719.523927
8719.565580
8719.601674
8719.644275
8719.690541
8719.732195
8719.773457
8719.815503
8719.857154
8719.898811
8719.940462
8719.982116
8720.023771
8720.060814
8720.106688
8720.148732
8720.190388
8720.232039
8720.273694
8720.315348
8720.351321
8720.398656
8720.440311
8720.476402
8720.523616
8720.565272
8720.606925
8720.648578
8720.690233
8720.731885
8720.773538
8720.815194
8720.856847
8720.898499
8720.940157
8720.959841
8720.981810
8721.017384
8721.065118
8721.106769
8721.148425
8721.190081
8721.231732
8721.273386
8721.315038
8721.356693
8721.394401
8721.440002
8721.481652
8721.517230
8721.564961
8721.606613
8721.648270
8721.689923
8721.731577
8721.773229
8721.814884
8721.856537
8721.898192
8721.939847
8721.981500
8722.023155
8722.064807
8722.106459
8722.148116
8722.189769
8722.231423
8722.273075
8722.314732
8722.356386
8722.398035
8722.439692
8722.481347
8722.522998
8722.560707
8722.606305
8722.647958
8722.689615
8722.731266
8722.767360
8722.781574
8722.814577
8722.856230
8722.897882
8722.939535
8722.981191
8723.022844
8723.064496
8723.106152
8723.147807
8723.189457
8723.231113
8723.272765
8723.314419
8723.356075
8723.397730
8723.438991
8723.481035
8723.522691
8723.564343
8723.605998
8723.647650
8723.689306
8723.730958
8723.767051
8723.814266
8723.855921
8723.897574
8723.939225
8723.980880
8724.022534
8724.064189
8724.105843
8724.147497
8724.189152
8724.230412
8724.272457
8724.295011
8724.314112
8724.355763
8724.397418
8724.439074
8724.480726
8724.522379
8724.564033
8724.605688
8724.647343
8724.688993
8724.730652
8724.772303
8724.813958
8724.855610
8724.897264
8724.938917
8724.980571
8725.022228
8725.063879
8725.105535
8725.147188
[ 8719.971595] intel_ipu6_isys.isys intel_ipu6.isys.40: csi2-1 error: Inter-frame short packet discarded
[ 8719.971610] intel_ipu6_isys.isys intel_ipu6.isys.40: csi2-1 error: Inter-frame long packet discarded
[ 8720.013087] intel_ipu6_isys.isys intel_ipu6.isys.40: csi2-1 error: Single packet header error corrected
[ 8720.013102] intel_ipu6_isys.isys intel_ipu6.isys.40: csi2-1 error: Multiple packet header errors detected
[ 8720.013108] intel_ipu6_isys.isys intel_ipu6.isys.40: csi2-1 error: Payload checksum (CRC) error
