sensore gc5035 gc5035 2-003f /dev/v4l-subdev4 Intel IPU6 CSI2 2 /dev/video16
formato 2616x1944 GRBG bpl 5248 n 6
regs:
0 0x0c 0x00
0 0x0f 0x0a
0 0x10 0x38
1 0x94 0x00
1 0x97 0x0a
1 0x98 0x38
controlli:
exposure: 984
analogue_gain: 0
vertical_blanking: 64
horizontal_blanking: 328
pixel_rate: 168960000
timestamp:
1563.544043
1563.613449
1563.648152
1563.682861
1563.752270
1563.821673
1563.856383
1563.925804
1563.995210
1564.064617
1564.134012
1564.168715
1564.203419
1564.238126
1564.272830
1564.342251
1564.411643
1564.446351
1564.515759
1564.585167
1564.619872
1564.689278
1564.758688
1564.828108
1564.862799
1564.897507
1564.966911
1565.001617
1565.036321
1565.105729
1565.175137
1565.209840
1565.244546
1565.279249
1565.313952
1565.348657
1565.383361
1565.418066
1565.452771
1565.487474
1565.522179
1565.591586
1565.660995
1565.695701
1565.765106
1565.799810
1565.834515
1565.869220
1565.938644
1566.008051
1566.077459
1566.146853
1566.216275
1566.250968
1566.320374
1566.389799
1566.459202
1566.493895
1566.528602
1566.598008
1566.632711
1566.667415
1566.736824
1566.806246
1566.875655
1566.910346
1566.979765
1567.014455
1567.049162
1567.083864
1567.118568
1567.153273
1567.222698
1567.292104
1567.326794
1567.361497
1567.396203
1567.465612
1567.535032
1567.569723
1567.639133
1567.708539
1567.743244
1567.812651
1567.847357
1567.882061
1567.951484
1567.986172
1568.020878
1568.090287
1568.159709
1568.194400
1568.229102
1568.263808
1568.333218
1568.402636
1568.437327
1568.472031
1568.541454
1568.576144
1568.610847
1568.645554
1568.714974
1568.784381
1568.819071
1568.853780
1568.923185
1568.992606
1569.027298
1569.096723
1569.166116
1569.235537
1569.270226
1569.304932
1569.374338
1569.409045
1569.478469
1569.547859
1569.582562
1569.617268
1569.686694
1569.756084
1569.790788
1569.825491
1569.860199
1569.929604
1569.999029
1570.068420
1570.103124
1570.137828
1570.172537
1570.207238
1570.276647
1570.311352
1570.346057
1570.415464
1570.484888
1570.519577
1570.554279
1570.588988
1570.658392
1570.727802
1570.797208
1570.831914
1570.901337
1570.970730
1571.040136
1571.074842
1571.144265
1571.178959
1571.248377
1571.317788
1571.352476
1571.387180
1571.421884
1571.491308
1571.560716
1571.630110
1571.664814
1571.734235
1571.768924
1571.803632
1571.873038
1571.942447
1571.977148
1572.011856
1572.081262
1572.115967
1572.150673
1572.185374
1572.220080
1572.254785
1572.289489
1572.324191
1572.358896
1572.428317
1572.463008
1572.497712
1572.567134
1572.601825
1572.636529
1572.671234
1572.740641
1572.810062
1572.844756
1572.879459
1572.914162
1572.983569
1573.018274
1573.052980
1573.087684
1573.122387
1573.157092
1573.226515
1573.295908
1573.330612
1573.400034
1573.434727
1573.504145
1573.538837
1573.608258
1573.677655
1573.712357
1573.781778
1573.816472
1573.885878
1573.920586
1573.989993
1574.059400
1574.094103
1574.128810
1574.198214
1574.232919
1574.302340
1574.337035
1574.406454
1574.475863
1574.510554
1574.545257
1574.579961
1574.649383
1574.684074
1574.718779
1574.788201
1574.822890
1574.892300
1574.961723
1575.031128
1575.100537
1575.135227
1575.169933
1575.239354
1575.308762
1575.378172
1575.447583
1575.516991
1575.586383
1575.655791
1575.725215
1575.794609
1575.864016
1575.898718
1575.933424
1575.968128
1576.037552
1576.072241
1576.141662
1576.211057
1576.245762
1576.315168
1576.349875
1576.419281
1576.453987
1576.488689
1576.523394
1576.592801
1576.627506
1576.662210
1576.696915
1576.766336
1576.801028
1576.835731
1576.870435
1576.905140
1576.939844
1577.009268
1577.043956
1577.078659
1577.113363
1577.148069
1577.217493
1577.286898
1577.321591
1577.356294
1577.390996
1577.425701
1577.460405
1577.495112
1577.529814
1577.564519
1577.633927
1577.703349
1577.738041
1577.807448
1577.842151
1577.911576
1577.980985
1578.050392
1578.119784
1578.154488
1578.189192
1578.223899
[ 1573.427820] intel_ipu6_isys.isys intel_ipu6.isys.40: csi2-2 error: Single packet header error corrected
[ 1573.427838] intel_ipu6_isys.isys intel_ipu6.isys.40: csi2-2 error: Multiple packet header errors detected
[ 1573.427843] intel_ipu6_isys.isys intel_ipu6.isys.40: csi2-2 error: Payload checksum (CRC) error
[ 1573.427848] intel_ipu6_isys.isys intel_ipu6.isys.40: csi2-2 error: Frame sync error
[ 1573.496633] intel_ipu6_isys.isys intel_ipu6.isys.40: csi2-2 error: Single packet header error corrected
