sensore gc8034 gc8034 1-0037 /dev/v4l-subdev5 Intel IPU6 CSI2 1 /dev/video8
formato 3284x2510 RGGB bpl 6592 n 6
regs:
0 0x09 0x00
0 0x0a 0x06
0 0x0d 0x09
0 0x0e 0xde
0 0x91 0x00
0 0x92 0x08
0 0x93 0x00
0 0x94 0x00
0 0x95 0x09
0 0x96 0xce
0 0x97 0x0c
0 0x98 0xd4
3 0x12 0x09
3 0x13 0x10
controlli:
exposure: 2246
analogue_gain: 0
vertical_blanking: 48
horizontal_blanking: 1008
pixel_rate: 255909888
rilettura:
# p reg scritto allo-stream-on(ret 0) ora(ret 0)
0 0x09 0x00 0x00 0x00
0 0x0a 0x06 0x3a! 0x06
0 0x0d 0x09 0x09 0x09
0 0x0e 0xde 0xa0! 0xde
0 0x91 0x00 0x00 0x00
0 0x92 0x08 0x08 0x08
0 0x93 0x00 0x00 0x00
0 0x94 0x00 0x00 0x00
0 0x95 0x09 0x09 0x09
0 0x96 0xce 0xce 0xce
0 0x97 0x0c 0x0c 0x0c
0 0x98 0xd4 0xd4 0xd4
3 0x12 0x09 0x09 0x09
3 0x13 0x10 0x10 0x10
timestamp:
11212.751796
11212.831495
11212.875218
11212.918941
11212.962664
11213.006386
11213.050112
11213.093837
11213.137558
11213.181282
11213.225003
11213.268727
11213.312451
11213.356174
11213.399896
11213.443620
11213.487342
11213.531064
11213.574789
11213.618513
11213.662236
11213.705958
11213.749681
11213.793405
11213.837128
11213.880851
11213.924573
11213.968298
11214.012021
11214.055743
11214.099466
11214.143189
11214.186912
11214.230634
11214.274359
11214.318081
11214.361803
11214.405528
11214.449249
11214.492974
11214.536698
11214.580420
11214.624146
11214.667865
11214.711588
11214.755313
11214.799036
11214.842757
11214.886481
11214.930207
11214.973929
11215.017653
11215.061374
11215.105097
11215.148822
11215.192542
11215.236268
11215.279992
11215.323712
11215.367435
11215.411159
11215.454884
11215.498607
11215.542328
11215.586052
11215.629778
11215.673499
11215.717224
11215.760945
11215.804668
11215.848389
11215.892116
11215.935835
11215.979561
11216.023283
11216.067009
11216.110731
11216.154454
11216.198176
11216.241899
11216.285621
11216.329345
11216.373067
11216.416792
11216.460513
11216.504237
11216.547962
11216.591683
11216.635408
11216.679131
11216.722852
11216.766575
11216.810298
11216.854023
11216.897746
11216.941470
11216.985193
11217.028913
11217.072636
11217.116361
11217.160085
11217.203809
11217.247530
11217.291253
11217.334976
11217.378699
11217.422424
11217.466147
11217.509868
11217.553591
11217.597316
11217.641037
11217.684762
11217.728485
11217.772206
11217.815934
11217.859653
11217.903375
11217.947099
11217.990824
11218.034545
11218.078269
11218.121991
11218.165716
11218.209440
11218.253162
11218.296886
11218.340611
11218.384331
11218.428054
11218.471779
11218.515502
11218.559225
11218.602946
11218.646669
11218.690393
11218.734115
11218.777837
11218.821562
11218.865284
11218.909009
11218.952733
11218.996455
11219.040179
11219.083900
11219.127624
11219.171346
11219.215069
11219.258792
11219.302517
11219.346241
11219.389961
11219.433686
11219.477410
11219.521132
11219.564855
11219.608578
11219.652300
11219.696025
11219.739748
11219.783470
11219.827194
11219.870917
11219.914643
11219.958362
11220.002085
11220.045808
11220.089533
11220.133256
11220.176978
11220.220701
11220.264426
11220.308148
11220.351869
11220.395593
11220.439317
11220.483040
11220.526763
11220.570489
11220.614209
11220.657935
11220.701655
11220.745379
11220.789105
11220.832825
11220.876549
11220.920270
11220.963993
11221.007716
11221.051443
11221.095167
11221.138887
11221.182610
11221.226333
11221.270057
11221.313779
11221.357501
11221.401225
11221.444949
11221.488672
11221.532396
11221.576118
11221.619841
11221.663565
11221.707288
11221.751011
11221.794736
11221.838456
11221.882179
11221.925904
11221.969625
11222.013348
11222.057073
11222.100795
11222.144517
11222.188242
11222.231967
11222.275687
11222.319411
11222.363135
11222.406857
11222.450580
11222.494305
11222.538025
11222.581750
11222.625472
11222.669198
11222.712920
11222.756643
11222.800365
11222.844089
11222.887812
11222.931535
11222.975259
11223.018982
11223.062703
11223.106428
11223.150152
11223.193874
11223.237597
11223.281320
11223.325042
11223.368767
11223.412489
11223.456212
11223.499936
11223.543658
11223.587381
11223.631105
11223.674829
11223.718553
11223.762275
11223.805997
11223.849722
11223.893445
11223.937167
11223.980891
11224.024614
11224.068337
11224.112059
11224.155782
11224.199504
11224.243229
11224.286950
11224.330673
11224.374396
11224.418122
11224.461843
11224.505566
11224.549290
11224.593014
11224.636738
11224.680459
11224.724181
11224.767905
11224.811630
11224.855351
11224.899076
11224.942799
11224.986521
11225.030246
11225.073968
11225.117691
11225.161412
11225.205137
11225.248859
11225.292582
11225.336306
11225.380029
11225.423752
11225.467474
11225.511198
11225.554921
11225.598644
11225.642368
11225.686090
11225.729814
11225.773538
11225.817261
11225.860982
11225.904708
11225.948429
11225.992153
11226.035878
11226.079600
11226.123323
11226.167044
11226.210769
11226.254494
11226.298216
11226.341936
11226.385661
11226.429385
11226.473106
11226.516830
11226.560554
11226.604276
11226.648000
11226.691722
11226.735446
11226.779170
11226.822892
11226.866614
11226.910337
11226.954062
11226.997786
11227.041508
11227.085232
11227.128956
11227.172678
11227.216399
11227.260124
11227.303848
[11212.051529] gc8034 i2c-GCTI8034:00: lab: 14 scritture, ret 0
