sensore gc8034 gc8034 1-0037 /dev/v4l-subdev5 Intel IPU6 CSI2 1 /dev/video8
formato 1632x1224 RGGB bpl 3264 n 6
regs:
0 0x66 0x2c
0 0x80 0x10
0 0xad 0x30
0 0xbc 0x49
0 0x92 0x04
0 0x94 0x05
0 0x95 0x04
0 0x96 0xc8
0 0x97 0x06
0 0x98 0x60
3 0x12 0xf8
3 0x13 0x07
controlli:
exposure: 2246
analogue_gain: 0
vertical_blanking: 1280
horizontal_blanking: 1008
pixel_rate: 255909888
timestamp:
3520.464884
3520.468644
3520.480495
3520.484633
3520.488836
3520.494861
3520.498719
3520.543552
3520.580003
3520.585341
3520.615374
3520.627128
3520.668915
3520.710702
3520.752488
3520.789743
3520.794278
3520.809033
3520.833131
3520.841324
3520.849418
3520.866908
3520.873248
3520.877852
3520.900482
3520.919639
3520.924317
3520.961425
3520.975841
3521.003212
3521.008474
3521.032520
3521.040532
3521.044999
3521.059815
3521.086785
3521.128575
3521.139192
3521.170361
3521.212148
3521.241182
3521.253936
3521.295723
3521.337511
3521.379298
3521.384427
3521.393788
3521.402192
3521.421088
3521.461807
3521.504659
3521.546450
3521.553661
3521.588234
3521.624887
3521.630023
3521.671810
3521.713597
3521.734694
3521.740970
3521.752512
3521.761996
3521.779954
3521.790501
3521.797172
3521.802365
3521.838957
3521.880744
3521.903648
3521.915864
3521.922533
3521.949106
3521.959319
3521.964321
3521.998434
3522.006107
3522.028407
3522.042426
3522.047894
3522.089682
3522.126401
3522.131469
3522.173255
3522.215043
3522.256830
3522.298621
3522.335537
3522.340404
3522.382193
3522.419512
3522.423982
3522.461832
3522.465768
3522.507557
3522.549342
3522.591128
3522.618434
3522.632918
3522.661292
3522.674704
3522.716490
3522.736456
3522.739850
3522.749070
3522.758280
3522.798001
3522.836518
3522.841854
3522.883639
3522.900123
3522.920625
3522.925429
3522.953535
3522.961011
3522.967215
3522.992853
3523.009003
3523.014398
3523.037109
3523.050790
3523.078096
3523.092576
3523.130829
3523.134364
3523.176150
3523.181095
3523.186836
3523.217938
3523.248581
3523.259727
3523.286898
3523.301515
3523.336628
3523.343305
3523.370808
3523.385090
3523.421988
3523.426877
3523.468661
3523.510450
3523.515712
3523.525009
3523.539891
3523.552238
3523.594025
3523.602573
3523.624927
3523.635814
3523.640813
3523.672395
3523.675937
3523.719386
3523.724864
3523.761172
3523.802960
3523.844749
3523.869252
3523.886536
3523.917648
3523.928324
3523.933935
3523.957023
3523.970111
3524.007430
3524.011900
3524.024702
3524.040204
3524.052957
3524.061498
3524.091337
3524.095473
3524.137258
3524.166292
3524.179045
3524.209625
3524.220833
3524.235717
3524.251668
3524.257887
3524.262623
3524.304410
3524.319157
3524.346195
3524.360877
3524.368698
3524.378910
3524.387984
3524.426703
3524.471559
3524.511938
3524.532307
3524.555134
3524.561348
3524.568555
3524.596918
3524.633837
3524.638707
3524.665813
3524.674823
3524.680493
3524.703528
3524.722283
3524.764069
3524.801390
3524.805856
3524.847642
3524.889431
3524.931218
3524.968404
3524.973006
3525.012262
3525.056581
3525.098368
3525.140156
3525.168253
3525.177542
3525.181942
3525.223730
3525.265515
3525.289886
3525.307305
3525.349092
3525.372126
3525.383742
3525.390881
3525.407160
3525.432665
3525.474454
3525.483135
3525.516239
3525.558028
3525.586336
3525.599814
3525.641602
3525.656951
3525.679447
3525.683389
3525.725178
3525.766963
3525.808749
3525.831112
3525.843202
3525.847205
3525.850578
3525.877712
3525.892327
3525.896469
3525.915963
3525.934113
3525.949596
3525.975901
3525.980914
3526.017686
3526.055408
3526.059476
3526.086648
3526.101265
3526.143049
3526.150333
3526.184838
3526.226623
3526.235573
3526.268410
3526.283363
3526.310200
3526.351987
3526.389505
3526.393776
3526.430091
3526.435562
3526.444043
3526.472329
3526.477350
3526.516339
3526.531955
3526.555987
3526.560925
3526.566534
3526.602709
3526.640430
3526.644499
3526.667400
3526.676074
3526.686283
3526.728070
3526.755378
3526.769859
3526.811647
3526.853434
3526.884334
3526.890486
3526.895222
3526.931338
3526.937008
3526.975061
3526.978796
3527.017251
3527.020588
3527.057901
3527.062372
3527.104157
3527.145945
3527.187732
3527.218309
3527.229520
3527.235265
3527.271305
3527.313092
3527.337795
3527.354882
3527.369163
3527.376048
3527.396668
3527.438457
3527.443716
3527.450862
3527.480243
3527.522033
3527.527577
3527.563819
3527.605605
3527.626171
3527.647393
3527.689179
3527.730965
3527.764347
3527.768219
3527.772756
3527.779634
3527.789847
3527.812476
3527.821355
3527.856329
3527.865279
3527.892515
3527.898118
3527.939904
3527.981692
3528.001387
3528.023476
3528.028671
3528.061196
3528.065265
3528.077621
3528.095759
3528.107053
3528.121345
3528.148841
3528.190628
3528.232414
3528.250844
3528.260388
3528.270927
3528.274216
3528.315990
3528.342893
3528.357774
3528.372725
3528.399563
3528.441349
3528.460904
3528.473396
3528.483139
3528.524926
3528.566714
3528.574796
3528.608498
3528.623515
3528.645887
3528.650287
3528.666514
3528.669901
3528.673234
3528.692073
3528.702224
3528.733861
3528.775649
3528.817436
3528.828057
3528.852018
3528.859225
3528.882726
3528.897601
3528.901012
3528.942798
3528.951949
3528.969972
3528.984586
3529.026373
3529.039862
3529.065025
3529.084842
3529.109946
3529.151736
3529.157063
3529.162153
3529.174634
3529.193521
3529.235310
3529.262548
3529.274690
3529.318421
3529.333240
3529.360671
3529.366000
3529.371892
3529.388176
3529.398860
3529.402460
3529.415948
3529.432225
3529.444244
3529.481633
3529.486036
3529.527821
3529.550255
3529.569609
3529.611395
3529.653181
3529.676618
3529.689500
3529.694971
3529.707572
3529.724474
3529.732805
3529.736760
3529.743170
3529.778544
3529.783807
3529.806317
3529.820331
3529.857851
3529.862120
3529.903906
3529.940090
3529.945693
3529.976188
3529.987479
3530.029269
3530.039421
3530.071055
3530.107173
3530.112845
3530.154631
3530.196415
3530.227464
3530.238207
3530.276449
3530.279994
3530.294346
3530.315641
3530.321781
3530.361502
3530.368825
3530.405354
3530.421369
3530.447140
3530.488927
3530.526650
3530.530717
3530.535911
3530.572502
3530.577381
3530.591398
3530.611016
3530.614324
3530.626443
3530.656076
3530.684653
3530.697866
3530.739653
3530.751738
3530.775902
3530.781439
3530.797989
3530.823227
3530.865013
3530.906800
3530.948587
3530.959874
3530.968086
3530.990378
3531.032164
3531.061538
3531.073950
3531.115737
3531.157523
3531.171416
3531.186768
3531.194911
3531.199314
3531.208463
3531.241100
3531.282886
3531.290102
3531.298168
3531.311864
3531.324676
3531.366461
3531.376813
3531.393168
3531.408249
3531.435955
3531.450038
3531.488558
3531.491847
3531.533611
3531.571932
3531.575398
3531.617183
3531.658973
3531.695824
3531.700761
3531.730395
3531.742547
3531.756835
3531.784333
3531.790280
3531.794418
3531.798949
3531.820320
3531.826124
3531.832000
3531.839278
3531.867908
3531.909695
3531.951484
3531.989139
3531.993271
3532.035058
3532.058360
3532.076844
3532.082107
3532.118635
3532.123828
3532.133523
3532.158822
3532.202209
3532.225498
3532.243996
3532.275173
3532.285786
3532.327571
3532.344127
3532.364621
3532.369356
3532.393862
3532.411145
3532.448598
3532.452934
3532.485711
3532.494719
3532.515483
3532.532105
3532.536506
3532.576294
3532.607803
3532.611179
3532.620081
3532.648245
3532.661866
3532.676615
3532.699186
3532.703656
3532.745445
3532.775951
3532.787229
3532.824349
3532.829016
3532.870802
3532.912589
3532.952981
3532.959573
3532.996165
3533.037952
3533.067254
3533.079740
3533.106912
3533.121529
3533.132146
3533.136151
3533.163313
3533.194024
3533.204175
3533.246888
3533.252153
3533.284009
3533.288676
3533.302959
3533.327331
3533.338947
3533.372251
3533.387534
3533.414038
3533.444081
3533.455828
3533.497612
3533.539402
3533.581188
3533.622973
3533.637857
3533.664763
3533.706549
3533.745005
3533.748340
3533.786794
3533.790129
3533.831911
3533.863889
3533.868833
3533.873701
3533.915485
3533.920749
3533.957272
3533.999061
3534.036246
3534.040848
3534.057609
3534.082638
3534.124424
3534.147122
3534.166212
3534.207997
3534.249786
3534.291571
3534.333358
3534.355326
3534.375147
3534.416934
3534.432217
3534.458720
3534.464117
3534.481289
3534.495372
3534.500508
3534.542296
3534.563863
3534.584084
3534.589345
3534.625870
3534.631065
3534.667656
3534.679413
3534.709444
3534.751232
3534.756426
3534.760585
3534.771863
3534.793019
3534.834807
3534.869581
3534.873512
3534.891075
3534.904761
3534.912177
3534.918384
3534.960169
[ 3530.188767] intel_ipu6_isys.isys intel_ipu6.isys.40: csi2-1 error: Single packet header error corrected
[ 3530.188788] intel_ipu6_isys.isys intel_ipu6.isys.40: csi2-1 error: Multiple packet header errors detected
[ 3536.952520] intel_ipu6_isys.isys intel_ipu6.isys.40: stream stop time out
[ 3538.999613] intel_ipu6_isys.isys intel_ipu6.isys.40: stream close time out
[ 3539.000497] intel_ipu6_isys.isys intel_ipu6.isys.40: buffer list not empty, needs isys reset
