sensore gc8034 gc8034 1-0037 /dev/v4l-subdev5 Intel IPU6 CSI2 1 /dev/video8
formato 1632x1224 RGGB bpl 3264 n 6
regs:
0 0x66 0x2c
0 0x80 0x10
0 0xad 0x30
0 0xbc 0x49
0 0x92 0x04
0 0x94 0x05
0 0x95 0x04
0 0x96 0xc8
0 0x97 0x06
0 0x98 0x60
3 0x12 0xf8
3 0x13 0x07
controlli:
exposure: 2246
analogue_gain: 0
vertical_blanking: 1280
horizontal_blanking: 1008
pixel_rate: 255909888
timestamp:
3542.419052
3542.440148
3542.460838
3542.502626
3542.518106
3542.533394
3542.544413
3542.586201
3542.618379
3542.623913
3542.627989
3542.648619
3542.666173
3542.669775
3542.709629
3542.724100
3542.742057
3542.750067
3542.753369
3542.757494
3542.776718
3542.795136
3542.836923
3542.842117
3542.878710
3542.893593
3542.920499
3542.962285
3542.972168
3542.993331
3542.999807
3543.004074
3543.020965
3543.045859
3543.087646
3543.129434
3543.171221
3543.213008
3543.228960
3543.254797
3543.293853
3543.335239
3543.343630
3543.375558
3543.380160
3543.421946
3543.427823
3543.439240
3543.463732
3543.491105
3543.500585
3543.505520
3543.524882
3543.539834
3543.547309
3543.585219
3543.589094
3543.625812
3543.630884
3543.652904
3543.672669
3543.676814
3543.714457
3543.747837
3543.752845
3543.756243
3543.798034
3543.803293
3543.832679
3543.839819
3543.881606
3543.921454
3543.938142
3543.959510
3543.965180
3543.980329
3544.006967
3544.026663
3544.048755
3544.090543
3544.104221
3544.132330
3544.153362
3544.174118
3544.187874
3544.194413
3544.215907
3544.257691
3544.299478
3544.341267
3544.369839
3544.383054
3544.424844
3544.466628
3544.502745
3544.508416
3544.513960
3544.550203
3544.587055
3544.591992
3544.629376
3544.633778
3544.650661
3544.675566
3544.717351
3544.755664
3544.759140
3544.779503
3544.784645
3544.789373
3544.797394
3544.800929
3544.842714
3544.862877
3544.884500
3544.901462
3544.926288
3544.935572
3544.963675
3544.968077
3545.004994
3545.009863
3545.030960
3545.046582
3545.051650
3545.082161
3545.088772
3545.093438
3545.132626
3545.158392
3545.177014
3545.218799
3545.260588
3545.289097
3545.302375
3545.344160
3545.385948
3545.400763
3545.413323
3545.427736
3545.469521
3545.489610
3545.511315
3545.553098
3545.594885
3545.636672
3545.662843
3545.666250
3545.673458
3545.678459
3545.695354
3545.702961
3545.720249
3545.762035
3545.776457
3545.803820
3545.831262
3545.845609
3545.862294
3545.881059
3545.887398
3545.929184
3545.970972
3546.012760
3546.054544
3546.096333
3546.136524
3546.155479
3546.179907
3546.219419
3546.238445
3546.252189
3546.263483
3546.305268
3546.342188
3546.347058
3546.368355
3546.388842
3546.407196
3546.430632
3546.435825
3546.466082
3546.472419
3546.492780
3546.514205
3546.555993
3546.585025
3546.593313
3546.597780
3546.627623
3546.635692
3546.639570
3546.681355
3546.704056
3546.718074
3546.723144
3546.764929
3546.806716
3546.812395
3546.848503
3546.878546
3546.885756
3546.890292
3546.912990
3546.932080
3546.973864
3547.006847
3547.015654
3547.024002
3547.051436
3547.057441
3547.093959
3547.099228
3547.120194
3547.137149
3547.141015
3547.182801
3547.224588
3547.260973
3547.266376
3547.308164
3547.344883
3547.349951
3547.391738
3547.414775
3547.433525
3547.475312
3547.507226
3547.511633
3547.517102
3547.558888
3547.573312
3547.597668
3547.642461
3547.647857
3547.652081
3547.679382
3547.684252
3547.689578
3547.714817
3547.723305
3547.746466
3547.761888
3547.767825
3547.790525
3547.809610
3547.824826
3547.848267
3547.893186
3547.898798
3547.934972
3547.976760
3547.991712
3548.013077
3548.018550
3548.060333
3548.065465
3548.079499
3548.102124
3548.143911
3548.181229
3548.185696
3548.211535
3548.227484
3548.256118
3548.269272
3548.311058
3548.339501
3548.347244
3548.352117
3548.364200
3548.376207
3548.394632
3548.399896
3548.419272
3548.436420
3548.478210
3548.507241
3548.519996
3548.540293
3548.544299
3548.561784
3548.603571
3548.616175
3548.644028
3548.651703
3548.681942
3548.687147
3548.728932
[ 3545.327646] intel_ipu6_isys.isys intel_ipu6.isys.40: csi2-1 error: Single packet header error corrected
[ 3545.327681] intel_ipu6_isys.isys intel_ipu6.isys.40: csi2-1 error: Multiple packet header errors detected
[ 3558.966699] intel_ipu6_isys.isys intel_ipu6.isys.40: stream stop time out
[ 3561.014744] intel_ipu6_isys.isys intel_ipu6.isys.40: stream close time out
[ 3561.015965] intel_ipu6_isys.isys intel_ipu6.isys.40: buffer list not empty, needs isys reset
