OSYS 0 0 16
SMIF 2 0 8
PRM0 3 0 8
PRM1 4 0 8
SCIF 5 0 8
PRM2 6 0 8
PRM3 7 0 8
LCKF 8 0 8
PRM4 9 0 8
PRM5 10 0 8
PWRS 11 0 8
DBGS 12 0 8
THOF 13 0 8
ACT1 14 0 8
ACTT 15 0 8
PSVT 16 0 8
TC1V 17 0 8
TC2V 18 0 8
TSPV 19 0 8
CRTT 20 0 8
REVN 21 0 8
APIC 22 0 8
TCNT 23 0 8
PCP0 24 0 8
PCP1 25 0 8
PPCM 26 0 8
PPMF 27 0 32
C67L 31 0 8
NATP 32 0 8
CMAP 33 0 8
CMBP 34 0 8
LPTP 35 0 8
FDCP 36 0 8
CMCP 37 0 8
CIRP 38 0 8
SMSC 39 0 8
W381 40 0 8
SMC1 41 0 8
EMAE 42 0 8
EMAP 43 0 16
EMAL 45 0 16
MEFE 47 0 8
DSTS 48 0 8
MORD 49 0 8
TCGP 50 0 8
PPRP 51 0 32
PPRQ 55 0 8
LPPR 56 0 8
IDEM 57 0 8
PLID 58 0 8
BTYP 59 0 8
OSCC 60 0 8
NEXP 61 0 8
SBV1 62 0 8
SBV2 63 0 8
ECON 64 0 8
DSEN 65 0 8
GPIC 66 0 8
CTYP 67 0 8
L01C 68 0 8
VFN0 69 0 8
VFN1 70 0 8
VFN2 71 0 8
VFN3 72 0 8
VFN4 73 0 8
VFN5 74 0 8
VFN6 75 0 8
VFN7 76 0 8
VFN8 77 0 8
VFN9 78 0 8
PNHM 79 0 32
TBAL 83 0 32
TBAH 87 0 32
TSOD 91 0 8
PFLV 92 0 8
BREV 93 0 16
PAMT 95 0 8
AC0F 96 0 8
AC1F 97 0 8
XTUB 98 0 32
XTUS 102 0 32
XMPB 106 0 32
DDRF 110 0 8
RTD3 111 0 8
PEP0 112 0 8
PEP3 113 0 8
DPTF 114 0 8
DCFE 115 0 16
SADE 117 0 8
FND1 118 0 8
AMBD 119 0 8
AMAT 120 0 8
AMPT 121 0 8
AMCT 122 0 8
AMHT 123 0 8
SKDE 124 0 8
SKAT 125 0 8
SKPT 126 0 8
SKCT 127 0 8
SKHT 128 0 8
EFDE 129 0 8
EFAT 130 0 8
EFPT 131 0 8
EFCT 132 0 8
EFHT 133 0 8
VRDE 134 0 8
VRAT 135 0 8
VRPT 136 0 8
VRCT 137 0 8
VRHT 138 0 8
DPAP 139 0 8
DPPP 140 0 8
DPCP 141 0 8
PIDE 142 0 8
PPSZ 143 0 32
CHEN 156 0 8
S0ID 157 0 8
CTDB 158 0 8
DKSM 159 0 8
SIO1 160 0 16
SIO2 162 0 16
SPBA 164 0 16
PG3S 499 0 8
PWRE 500 0 8
PPPR 503 0 16
PBPE 505 0 8
VSPE 506 0 8
RFIM 507 0 8
XHPR 515 0 8
RIC0 516 0 8
GBSX 517 0 8
IUBE 518 0 8
IUCE 519 0 8
IUDE 520 0 8
ECNO 521 0 8
AUDD 522 0 16
IC0D 524 0 16
IC1D 526 0 16
IC1S 528 0 16
VRRD 530 0 16
PSCP 532 0 8
I20D 533 0 16
I21D 535 0 16
RCG0 537 0 16
RCG1 539 0 16
P2ME 541 0 8
P2MK 542 0 8
SSH0 543 0 16
SSL0 545 0 16
SSD0 547 0 16
FMH0 549 0 16
FML0 551 0 16
FMD0 553 0 16
FPH0 555 0 16
FPL0 557 0 16
FPD0 559 0 16
HSH0 561 0 16
HSL0 563 0 16
HSD0 565 0 16
SSH1 573 0 16
SSL1 575 0 16
SSD1 577 0 16
FMH1 579 0 16
FML1 581 0 16
FMD1 583 0 16
FPH1 585 0 16
FPL1 587 0 16
FPD1 589 0 16
HSH1 591 0 16
HSL1 593 0 16
HSD1 595 0 16
SSH2 598 0 16
SSL2 600 0 16
SSD2 602 0 16
FMH2 604 0 16
FML2 606 0 16
FMD2 608 0 16
FPH2 610 0 16
FPL2 612 0 16
FPD2 614 0 16
HSH2 616 0 16
HSL2 618 0 16
HSD2 620 0 16
SSH3 623 0 16
SSL3 625 0 16
SSD3 627 0 16
FMH3 629 0 16
FML3 631 0 16
FMD3 633 0 16
FPH3 635 0 16
FPL3 637 0 16
FPD3 639 0 16
HSH3 641 0 16
HSL3 643 0 16
HSD3 645 0 16
SSH4 648 0 16
SSL4 650 0 16
SSD4 652 0 16
FMH4 654 0 16
FML4 656 0 16
FMD4 658 0 16
FPH4 660 0 16
FPL4 662 0 16
FPD4 664 0 16
HSH4 666 0 16
HSL4 668 0 16
HSD4 670 0 16
SSH5 673 0 16
SSL5 675 0 16
SSD5 677 0 16
FMH5 679 0 16
FML5 681 0 16
FMD5 683 0 16
FPH5 685 0 16
FPL5 687 0 16
FPD5 689 0 16
HSH5 691 0 16
HSL5 693 0 16
HSD5 695 0 16
M0C0 698 0 16
M1C0 700 0 16
M0C1 702 0 16
M1C1 704 0 16
M0C2 706 0 16
M1C2 708 0 16
M0C3 710 0 16
M1C3 712 0 16
M0C4 714 0 16
M1C4 716 0 16
M0C5 718 0 16
M1C5 720 0 16
M0C6 722 0 16
M1C6 724 0 16
M0C7 726 0 16
M1C7 728 0 16
M0C8 730 0 16
M1C8 732 0 16
M0C9 735 0 16
M1C9 737 0 16
M0CA 739 0 16
M1CA 741 0 16
M0CB 743 0 16
M1CB 745 0 16
GIRQ 748 0 32
DMTP 752 0 8
DMTD 753 0 8
DMSH 754 0 8
SHSB 755 0 8
PLCS 756 0 8
PLVL 757 0 16
WWSD 759 0 8
CVSD 760 0 8
SSDD 761 0 8
INLD 762 0 8
IFAT 763 0 8
IFPT 764 0 8
IFCT 765 0 8
IFHT 766 0 8
USBH 767 0 8
BCV4 768 0 8
WTV0 769 0 8
WTV1 770 0 8
APFU 771 0 8
PEPC 778 0 64
VRSD 786 0 16
PB1E 788 0 8
GNID 789 0 8
AUPL 800 0 32
CHGE 807 0 8
AMC3 808 0 8
SKC3 809 0 8
EFC3 810 0 8
VRC3 811 0 8
IFC3 812 0 8
WGC3 813 0 8
ESPC 814 0 8
BATR 815 0 8
IN34 816 0 8
ECLP 817 0 8
MEMS 818 0 8
S1DE 819 0 8
S2DE 820 0 8
S3DE 821 0 8
S4DE 822 0 8
S5DE 823 0 8
S1S3 824 0 8
S2S3 825 0 8
S3S3 826 0 8
S4S3 827 0 8
S5S3 828 0 8
PSME 829 0 8
PDT1 830 0 8
PLM1 831 0 32
PTW1 835 0 32
DDT1 839 0 8
DDP1 840 0 8
DLI1 841 0 16
DPL1 843 0 16
DTW1 845 0 32
DMI1 849 0 16
DMA1 851 0 16
DMT1 853 0 16
WIFE 855 0 8
DOM1 856 0 8
LIM1 857 0 16
TIM1 859 0 32
TRD0 863 0 8
TRL0 864 0 8
TRD1 865 0 8
TRL1 866 0 8
WDM1 867 0 8
CID1 868 0 16
APPE 1018 0 8
SDS0 1019 0 8
SDS1 1020 0 8
SDS2 1021 0 8
SDS3 1022 0 8
SDS4 1023 0 8
SDS5 1024 0 8
SDS6 1025 0 8
SDS7 1026 0 8
SDS8 1027 0 8
SDS9 1028 0 8
SDSA 1029 0 8
TPLT 1030 0 8
TPLM 1031 0 8
TPLB 1032 0 8
TPLH 1033 0 16
TPLS 1035 0 8
TPDT 1036 0 8
TPDM 1037 0 8
TPDB 1038 0 8
TPDH 1039 0 16
TPDS 1041 0 8
FPTT 1042 0 8
FPTM 1043 0 8
WTVX 1044 0 8
WITX 1045 0 8
GPTD 1046 0 8
GDBT 1047 0 16
UTKX 1049 0 8
SPTD 1050 0 8
ATLB 1066 0 32
SDM0 1070 0 8
SDM1 1071 0 8
SDM2 1072 0 8
SDM3 1073 0 8
SDM4 1074 0 8
SDM5 1075 0 8
SDM6 1076 0 8
SDM7 1077 0 8
SDM8 1078 0 8
SDM9 1079 0 8
SDMA 1080 0 8
SDMB 1081 0 8
USTP 1083 0 8
GFPS 1125 0 32
GFPI 1129 0 32
WBBR 1133 0 32
GBTK 1137 0 32
GBTI 1141 0 32
GPDI 1145 0 32
GPLI 1149 0 32
CL00 1153 0 8
CL01 1154 0 8
CL02 1155 0 8
CL03 1156 0 8
CL04 1157 0 8
CL05 1158 0 8
L0EN 1159 0 8
L1EN 1160 0 8
L2EN 1161 0 8
L3EN 1162 0 8
L4EN 1163 0 8
L5EN 1164 0 8
CDIV 1165 0 8
C0VE 1166 0 8
C0TP 1167 0 8
C0CV 1168 0 8
C0IC 1169 0 32
C0GP 1173 0 8
C0IB 1174 0 8
C0IA 1175 0 16
C0P0 1177 0 8
C0P1 1178 0 8
C0P2 1179 0 8
C0P3 1180 0 8
C0P4 1181 0 8
C0P5 1182 0 8
C0G0 1183 0 8
C0G1 1184 0 8
C0G2 1185 0 8
C0G3 1186 0 8
C0G4 1187 0 8
C0G5 1188 0 8
C0F0 1189 0 8
C0F1 1190 0 8
C0F2 1191 0 8
C0F3 1192 0 8
C0F4 1193 0 8
C0F5 1194 0 8
C0A0 1195 0 8
C0A1 1196 0 8
C0A2 1197 0 8
C0A3 1198 0 8
C0A4 1199 0 8
C0A5 1200 0 8
C0I0 1201 0 8
C0I1 1202 0 8
C0I2 1203 0 8
C0I3 1204 0 8
C0I4 1205 0 8
C0I5 1206 0 8
C0PL 1207 0 8
C0W0 1208 0 8
C0W1 1209 0 8
C0W2 1210 0 8
C0W3 1211 0 8
C0SP 1212 0 8
C0W4 1213 0 8
C0W5 1214 0 8
C0CS 1215 0 8
C1VE 1216 0 8
C1TP 1217 0 8
C1CV 1218 0 8
C1IC 1219 0 32
C1GP 1223 0 8
C1IB 1224 0 8
C1IA 1225 0 16
C1P0 1227 0 8
C1P1 1228 0 8
C1P2 1229 0 8
C1P3 1230 0 8
C1P4 1231 0 8
C1P5 1232 0 8
C1G0 1233 0 8
C1G1 1234 0 8
C1G2 1235 0 8
C1G3 1236 0 8
C1G4 1237 0 8
C1G5 1238 0 8
C1F0 1239 0 8
C1F1 1240 0 8
C1F2 1241 0 8
C1F3 1242 0 8
C1F4 1243 0 8
C1F5 1244 0 8
C1A0 1245 0 8
C1A1 1246 0 8
C1A2 1247 0 8
C1A3 1248 0 8
C1A4 1249 0 8
C1A5 1250 0 8
C1I0 1251 0 8
C1I1 1252 0 8
C1I2 1253 0 8
C1I3 1254 0 8
C1I4 1255 0 8
C1I5 1256 0 8
C1PL 1257 0 8
C1W0 1258 0 8
C1W1 1259 0 8
C1W2 1260 0 8
C1W3 1261 0 8
C1SP 1262 0 8
C1W4 1263 0 8
C1W5 1264 0 8
C1CS 1265 0 8
C2VE 1266 0 8
C2TP 1267 0 8
C2CV 1268 0 8
C2IC 1269 0 32
C2GP 1273 0 8
C2IB 1274 0 8
C2IA 1275 0 16
C2P0 1277 0 8
C2P1 1278 0 8
C2P2 1279 0 8
C2P3 1280 0 8
C2P4 1281 0 8
C2P5 1282 0 8
C2G0 1283 0 8
C2G1 1284 0 8
C2G2 1285 0 8
C2G3 1286 0 8
C2G4 1287 0 8
C2G5 1288 0 8
C2F0 1289 0 8
C2F1 1290 0 8
C2F2 1291 0 8
C2F3 1292 0 8
C2F4 1293 0 8
C2F5 1294 0 8
C2A0 1295 0 8
C2A1 1296 0 8
C2A2 1297 0 8
C2A3 1298 0 8
C2A4 1299 0 8
C2A5 1300 0 8
C2I0 1301 0 8
C2I1 1302 0 8
C2I2 1303 0 8
C2I3 1304 0 8
C2I4 1305 0 8
C2I5 1306 0 8
C2PL 1307 0 8
C2W0 1308 0 8
C2W1 1309 0 8
C2W2 1310 0 8
C2W3 1311 0 8
C2SP 1312 0 8
C2W4 1313 0 8
C2W5 1314 0 8
C2CS 1315 0 8
C3VE 1316 0 8
C3TP 1317 0 8
C3CV 1318 0 8
C3IC 1319 0 32
C3GP 1323 0 8
C3IB 1324 0 8
C3IA 1325 0 16
C3P0 1327 0 8
C3P1 1328 0 8
C3P2 1329 0 8
C3P3 1330 0 8
C3P4 1331 0 8
C3P5 1332 0 8
C3G0 1333 0 8
C3G1 1334 0 8
C3G2 1335 0 8
C3G3 1336 0 8
C3G4 1337 0 8
C3G5 1338 0 8
C3F0 1339 0 8
C3F1 1340 0 8
C3F2 1341 0 8
C3F3 1342 0 8
C3F4 1343 0 8
C3F5 1344 0 8
C3A0 1345 0 8
C3A1 1346 0 8
C3A2 1347 0 8
C3A3 1348 0 8
C3A4 1349 0 8
C3A5 1350 0 8
C3I0 1351 0 8
C3I1 1352 0 8
C3I2 1353 0 8
C3I3 1354 0 8
C3I4 1355 0 8
C3I5 1356 0 8
C3PL 1357 0 8
C3W0 1358 0 8
C3W1 1359 0 8
C3W2 1360 0 8
C3W3 1361 0 8
C3SP 1362 0 8
C3W4 1363 0 8
C3W5 1364 0 8
C3CS 1365 0 8
C4VE 1366 0 8
C4TP 1367 0 8
C4CV 1368 0 8
C4IC 1369 0 32
C4GP 1373 0 8
C4IB 1374 0 8
C4IA 1375 0 16
C4P0 1377 0 8
C4P1 1378 0 8
C4P2 1379 0 8
C4P3 1380 0 8
C4P4 1381 0 8
C4P5 1382 0 8
C4G0 1383 0 8
C4G1 1384 0 8
C4G2 1385 0 8
C4G3 1386 0 8
C4G4 1387 0 8
C4G5 1388 0 8
C4F0 1389 0 8
C4F1 1390 0 8
C4F2 1391 0 8
C4F3 1392 0 8
C4F4 1393 0 8
C4F5 1394 0 8
C4A0 1395 0 8
C4A1 1396 0 8
C4A2 1397 0 8
C4A3 1398 0 8
C4A4 1399 0 8
C4A5 1400 0 8
C4I0 1401 0 8
C4I1 1402 0 8
C4I2 1403 0 8
C4I3 1404 0 8
C4I4 1405 0 8
C4I5 1406 0 8
C4PL 1407 0 8
C4W0 1408 0 8
C4W1 1409 0 8
C4W2 1410 0 8
C4W3 1411 0 8
C4SP 1412 0 8
C4W4 1413 0 8
C4W5 1414 0 8
C4CS 1415 0 8
C5VE 1416 0 8
C5TP 1417 0 8
C5CV 1418 0 8
C5IC 1419 0 32
C5GP 1423 0 8
C5IB 1424 0 8
C5IA 1425 0 16
C5P0 1427 0 8
C5P1 1428 0 8
C5P2 1429 0 8
C5P3 1430 0 8
C5P4 1431 0 8
C5P5 1432 0 8
C5G0 1433 0 8
C5G1 1434 0 8
C5G2 1435 0 8
C5G3 1436 0 8
C5G4 1437 0 8
C5G5 1438 0 8
C5F0 1439 0 8
C5F1 1440 0 8
C5F2 1441 0 8
C5F3 1442 0 8
C5F4 1443 0 8
C5F5 1444 0 8
C5A0 1445 0 8
C5A1 1446 0 8
C5A2 1447 0 8
C5A3 1448 0 8
C5A4 1449 0 8
C5A5 1450 0 8
C5I0 1451 0 8
C5I1 1452 0 8
C5I2 1453 0 8
C5I3 1454 0 8
C5I4 1455 0 8
C5I5 1456 0 8
C5PL 1457 0 8
C5W0 1458 0 8
C5W1 1459 0 8
C5W2 1460 0 8
C5W3 1461 0 8
C5SP 1462 0 8
C5W4 1463 0 8
C5W5 1464 0 8
C5CS 1465 0 8
L0SM 1466 0 8
L0H0 1467 0 8
L0H1 1468 0 8
L0H2 1469 0 8
L0H3 1470 0 8
L0H4 1471 0 8
L0H5 1472 0 8
L0H6 1473 0 8
L0H7 1474 0 8
L0H8 1475 0 8
L0PL 1476 0 8
L0M0 1477 0 8
L0M1 1478 0 8
L0M2 1479 0 8
L0M3 1480 0 8
L0M4 1481 0 8
L0M5 1482 0 8
L0M6 1483 0 8
L0M7 1484 0 8
L0M8 1485 0 8
L0M9 1486 0 8
L0MA 1487 0 8
L0MB 1488 0 8
L0MC 1489 0 8
L0MD 1490 0 8
L0ME 1491 0 8
L0MF 1492 0 8
L0DI 1493 0 8
L0BS 1494 0 8
L0A0 1495 0 16
L0A1 1497 0 16
L0A2 1499 0 16
L0A3 1501 0 16
L0A4 1503 0 16
L0A5 1505 0 16
L0A6 1507 0 16
L0A7 1509 0 16
L0A8 1511 0 16
L0A9 1513 0 16
L0AA 1515 0 16
L0AB 1517 0 16
L0D0 1519 0 8
L0D1 1520 0 8
L0D2 1521 0 8
L0D3 1522 0 8
L0D4 1523 0 8
L0D5 1524 0 8
L0D6 1525 0 8
L0D7 1526 0 8
L0D8 1527 0 8
L0D9 1528 0 8
L0DA 1529 0 8
L0DB 1530 0 8
L0DV 1531 0 8
L0CV 1532 0 8
L0LU 1533 0 8
L0NL 1534 0 8
L0EE 1535 0 8
L0VC 1536 0 8
L0FS 1537 0 8
L0LE 1538 0 8
L0DG 1539 0 8
L0CK 1540 0 32
L0CL 1544 0 8
L0PP 1545 0 8
L0VR 1546 0 8
L0FD 1547 0 8
L1SM 1548 0 8
L1H0 1549 0 8
L1H1 1550 0 8
L1H2 1551 0 8
L1H3 1552 0 8
L1H4 1553 0 8
L1H5 1554 0 8
L1H6 1555 0 8
L1H7 1556 0 8
L1H8 1557 0 8
L1PL 1558 0 8
L1M0 1559 0 8
L1M1 1560 0 8
L1M2 1561 0 8
L1M3 1562 0 8
L1M4 1563 0 8
L1M5 1564 0 8
L1M6 1565 0 8
L1M7 1566 0 8
L1M8 1567 0 8
L1M9 1568 0 8
L1MA 1569 0 8
L1MB 1570 0 8
L1MC 1571 0 8
L1MD 1572 0 8
L1ME 1573 0 8
L1MF 1574 0 8
L1DI 1575 0 8
L1BS 1576 0 8
L1A0 1577 0 16
L1A1 1579 0 16
L1A2 1581 0 16
L1A3 1583 0 16
L1A4 1585 0 16
L1A5 1587 0 16
L1A6 1589 0 16
L1A7 1591 0 16
L1A8 1593 0 16
L1A9 1595 0 16
L1AA 1597 0 16
L1AB 1599 0 16
L1D0 1601 0 8
L1D1 1602 0 8
L1D2 1603 0 8
L1D3 1604 0 8
L1D4 1605 0 8
L1D5 1606 0 8
L1D6 1607 0 8
L1D7 1608 0 8
L1D8 1609 0 8
L1D9 1610 0 8
L1DA 1611 0 8
L1DB 1612 0 8
L1DV 1613 0 8
L1CV 1614 0 8
L1LU 1615 0 8
L1NL 1616 0 8
L1EE 1617 0 8
L1VC 1618 0 8
L1FS 1619 0 8
L1LE 1620 0 8
L1DG 1621 0 8
L1CK 1622 0 32
L1CL 1626 0 8
L1PP 1627 0 8
L1VR 1628 0 8
L1FD 1629 0 8
L2SM 1630 0 8
L2H0 1631 0 8
L2H1 1632 0 8
L2H2 1633 0 8
L2H3 1634 0 8
L2H4 1635 0 8
L2H5 1636 0 8
L2H6 1637 0 8
L2H7 1638 0 8
L2H8 1639 0 8
L2PL 1640 0 8
L2M0 1641 0 8
L2M1 1642 0 8
L2M2 1643 0 8
L2M3 1644 0 8
L2M4 1645 0 8
L2M5 1646 0 8
L2M6 1647 0 8
L2M7 1648 0 8
L2M8 1649 0 8
L2M9 1650 0 8
L2MA 1651 0 8
L2MB 1652 0 8
L2MC 1653 0 8
L2MD 1654 0 8
L2ME 1655 0 8
L2MF 1656 0 8
L2DI 1657 0 8
L2BS 1658 0 8
L2A0 1659 0 16
L2A1 1661 0 16
L2A2 1663 0 16
L2A3 1665 0 16
L2A4 1667 0 16
L2A5 1669 0 16
L2A6 1671 0 16
L2A7 1673 0 16
L2A8 1675 0 16
L2A9 1677 0 16
L2AA 1679 0 16
L2AB 1681 0 16
L2D0 1683 0 8
L2D1 1684 0 8
L2D2 1685 0 8
L2D3 1686 0 8
L2D4 1687 0 8
L2D5 1688 0 8
L2D6 1689 0 8
L2D7 1690 0 8
L2D8 1691 0 8
L2D9 1692 0 8
L2DA 1693 0 8
L2DB 1694 0 8
L2DV 1695 0 8
L2CV 1696 0 8
L2LU 1697 0 8
L2NL 1698 0 8
L2EE 1699 0 8
L2VC 1700 0 8
L2FS 1701 0 8
L2LE 1702 0 8
L2DG 1703 0 8
L2CK 1704 0 32
L2CL 1708 0 8
L2PP 1709 0 8
L2VR 1710 0 8
L2FD 1711 0 8
L3SM 1712 0 8
L3H0 1713 0 8
L3H1 1714 0 8
L3H2 1715 0 8
L3H3 1716 0 8
L3H4 1717 0 8
L3H5 1718 0 8
L3H6 1719 0 8
L3H7 1720 0 8
L3H8 1721 0 8
L3PL 1722 0 8
L3M0 1723 0 8
L3M1 1724 0 8
L3M2 1725 0 8
L3M3 1726 0 8
L3M4 1727 0 8
L3M5 1728 0 8
L3M6 1729 0 8
L3M7 1730 0 8
L3M8 1731 0 8
L3M9 1732 0 8
L3MA 1733 0 8
L3MB 1734 0 8
L3MC 1735 0 8
L3MD 1736 0 8
L3ME 1737 0 8
L3MF 1738 0 8
L3DI 1739 0 8
L3BS 1740 0 8
L3A0 1741 0 16
L3A1 1743 0 16
L3A2 1745 0 16
L3A3 1747 0 16
L3A4 1749 0 16
L3A5 1751 0 16
L3A6 1753 0 16
L3A7 1755 0 16
L3A8 1757 0 16
L3A9 1759 0 16
L3AA 1761 0 16
L3AB 1763 0 16
L3D0 1765 0 8
L3D1 1766 0 8
L3D2 1767 0 8
L3D3 1768 0 8
L3D4 1769 0 8
L3D5 1770 0 8
L3D6 1771 0 8
L3D7 1772 0 8
L3D8 1773 0 8
L3D9 1774 0 8
L3DA 1775 0 8
L3DB 1776 0 8
L3DV 1777 0 8
L3CV 1778 0 8
L3LU 1779 0 8
L3NL 1780 0 8
L3EE 1781 0 8
L3VC 1782 0 8
L3FS 1783 0 8
L3LE 1784 0 8
L3DG 1785 0 8
L3CK 1786 0 32
L3CL 1790 0 8
L3PP 1791 0 8
L3VR 1792 0 8
L3FD 1793 0 8
L4SM 1794 0 8
L4H0 1795 0 8
L4H1 1796 0 8
L4H2 1797 0 8
L4H3 1798 0 8
L4H4 1799 0 8
L4H5 1800 0 8
L4H6 1801 0 8
L4H7 1802 0 8
L4H8 1803 0 8
L4PL 1804 0 8
L4M0 1805 0 8
L4M1 1806 0 8
L4M2 1807 0 8
L4M3 1808 0 8
L4M4 1809 0 8
L4M5 1810 0 8
L4M6 1811 0 8
L4M7 1812 0 8
L4M8 1813 0 8
L4M9 1814 0 8
L4MA 1815 0 8
L4MB 1816 0 8
L4MC 1817 0 8
L4MD 1818 0 8
L4ME 1819 0 8
L4MF 1820 0 8
L4DI 1821 0 8
L4BS 1822 0 8
L4A0 1823 0 16
L4A1 1825 0 16
L4A2 1827 0 16
L4A3 1829 0 16
L4A4 1831 0 16
L4A5 1833 0 16
L4A6 1835 0 16
L4A7 1837 0 16
L4A8 1839 0 16
L4A9 1841 0 16
L4AA 1843 0 16
L4AB 1845 0 16
L4D0 1847 0 8
L4D1 1848 0 8
L4D2 1849 0 8
L4D3 1850 0 8
L4D4 1851 0 8
L4D5 1852 0 8
L4D6 1853 0 8
L4D7 1854 0 8
L4D8 1855 0 8
L4D9 1856 0 8
L4DA 1857 0 8
L4DB 1858 0 8
L4DV 1859 0 8
L4CV 1860 0 8
L4LU 1861 0 8
L4NL 1862 0 8
L4EE 1863 0 8
L4VC 1864 0 8
L4FS 1865 0 8
L4LE 1866 0 8
L4DG 1867 0 8
L4CK 1868 0 32
L4CL 1872 0 8
L4PP 1873 0 8
L4VR 1874 0 8
L4FD 1875 0 8
L5SM 1876 0 8
L5H0 1877 0 8
L5H1 1878 0 8
L5H2 1879 0 8
L5H3 1880 0 8
L5H4 1881 0 8
L5H5 1882 0 8
L5H6 1883 0 8
L5H7 1884 0 8
L5H8 1885 0 8
L5PL 1886 0 8
L5M0 1887 0 8
L5M1 1888 0 8
L5M2 1889 0 8
L5M3 1890 0 8
L5M4 1891 0 8
L5M5 1892 0 8
L5M6 1893 0 8
L5M7 1894 0 8
L5M8 1895 0 8
L5M9 1896 0 8
L5MA 1897 0 8
L5MB 1898 0 8
L5MC 1899 0 8
L5MD 1900 0 8
L5ME 1901 0 8
L5MF 1902 0 8
L5DI 1903 0 8
L5BS 1904 0 8
L5A0 1905 0 16
L5A1 1907 0 16
L5A2 1909 0 16
L5A3 1911 0 16
L5A4 1913 0 16
L5A5 1915 0 16
L5A6 1917 0 16
L5A7 1919 0 16
L5A8 1921 0 16
L5A9 1923 0 16
L5AA 1925 0 16
L5AB 1927 0 16
L5D0 1929 0 8
L5D1 1930 0 8
L5D2 1931 0 8
L5D3 1932 0 8
L5D4 1933 0 8
L5D5 1934 0 8
L5D6 1935 0 8
L5D7 1936 0 8
L5D8 1937 0 8
L5D9 1938 0 8
L5DA 1939 0 8
L5DB 1940 0 8
L5DV 1941 0 8
L5CV 1942 0 8
L5LU 1943 0 8
L5NL 1944 0 8
L5EE 1945 0 8
L5VC 1946 0 8
L5FS 1947 0 8
L5LE 1948 0 8
L5DG 1949 0 8
L5CK 1950 0 32
L5CL 1954 0 8
L5PP 1955 0 8
L5VR 1956 0 8
L5FD 1957 0 8
F0FM 1958 0 8
F0MS 1959 0 8
F0M0 1960 0 8
F0M1 1961 0 8
F0M2 1962 0 8
F0M3 1963 0 8
F0M4 1964 0 8
F0M5 1965 0 8
F0M6 1966 0 8
F0M7 1967 0 8
F0M8 1968 0 8
F0M9 1969 0 8
F0MA 1970 0 8
F0MB 1971 0 8
F0MC 1972 0 8
F0MD 1973 0 8
F0ME 1974 0 8
F0MF 1975 0 8
F0BS 1976 0 8
F0AB 1977 0 16
F0GP 1979 0 8
F0GG 1980 0 16
F0AV 1982 0 8
F0IV 1983 0 8
F0OM 1984 0 8
F1FM 1985 0 8
F1MS 1986 0 8
F1M0 1987 0 8
F1M1 1988 0 8
F1M2 1989 0 8
F1M3 1990 0 8
F1M4 1991 0 8
F1M5 1992 0 8
F1M6 1993 0 8
F1M7 1994 0 8
F1M8 1995 0 8
F1M9 1996 0 8
F1MA 1997 0 8
F1MB 1998 0 8
F1MC 1999 0 8
F1MD 2000 0 8
F1ME 2001 0 8
F1MF 2002 0 8
F1BS 2003 0 8
F1AB 2004 0 16
F1GP 2006 0 8
F1GG 2007 0 16
F1AV 2009 0 8
F1IV 2010 0 8
F1OM 2011 0 8
F2FM 2012 0 8
F2MS 2013 0 8
F2M0 2014 0 8
F2M1 2015 0 8
F2M2 2016 0 8
F2M3 2017 0 8
F2M4 2018 0 8
F2M5 2019 0 8
F2M6 2020 0 8
F2M7 2021 0 8
F2M8 2022 0 8
F2M9 2023 0 8
F2MA 2024 0 8
F2MB 2025 0 8
F2MC 2026 0 8
F2MD 2027 0 8
F2ME 2028 0 8
F2MF 2029 0 8
F2BS 2030 0 8
F2AB 2031 0 16
F2GP 2033 0 8
F2GG 2034 0 16
F2AV 2036 0 8
F2IV 2037 0 8
F2OM 2038 0 8
F3FM 2039 0 8
F3MS 2040 0 8
F3M0 2041 0 8
F3M1 2042 0 8
F3M2 2043 0 8
F3M3 2044 0 8
F3M4 2045 0 8
F3M5 2046 0 8
F3M6 2047 0 8
F3M7 2048 0 8
F3M8 2049 0 8
F3M9 2050 0 8
F3MA 2051 0 8
F3MB 2052 0 8
F3MC 2053 0 8
F3MD 2054 0 8
F3ME 2055 0 8
F3MF 2056 0 8
F3BS 2057 0 8
F3AB 2058 0 16
F3GP 2060 0 8
F3GG 2061 0 16
F3AV 2063 0 8
F3IV 2064 0 8
F3OM 2065 0 8
F4FM 2066 0 8
F4MS 2067 0 8
F4M0 2068 0 8
F4M1 2069 0 8
F4M2 2070 0 8
F4M3 2071 0 8
F4M4 2072 0 8
F4M5 2073 0 8
F4M6 2074 0 8
F4M7 2075 0 8
F4M8 2076 0 8
F4M9 2077 0 8
F4MA 2078 0 8
F4MB 2079 0 8
F4MC 2080 0 8
F4MD 2081 0 8
F4ME 2082 0 8
F4MF 2083 0 8
F4BS 2084 0 8
F4AB 2085 0 16
F4GP 2087 0 8
F4GG 2088 0 16
F4AV 2090 0 8
F4IV 2091 0 8
F4OM 2092 0 8
F5FM 2093 0 8
F5MS 2094 0 8
F5M0 2095 0 8
F5M1 2096 0 8
F5M2 2097 0 8
F5M3 2098 0 8
F5M4 2099 0 8
F5M5 2100 0 8
F5M6 2101 0 8
F5M7 2102 0 8
F5M8 2103 0 8
F5M9 2104 0 8
F5MA 2105 0 8
F5MB 2106 0 8
F5MC 2107 0 8
F5MD 2108 0 8
F5ME 2109 0 8
F5MF 2110 0 8
F5BS 2111 0 8
F5AB 2112 0 16
F5GP 2114 0 8
F5GG 2115 0 16
F5AV 2117 0 8
F5IV 2118 0 8
F5OM 2119 0 8
ECR1 2120 0 8
I2SC 2121 0 8
I2SI 2122 0 32
I2SB 2126 0 8
ODV0 2127 0 8
ODV1 2128 0 8
ODV2 2129 0 8
ODV3 2130 0 8
ODV4 2131 0 8
ODV5 2132 0 8
UBCB 2133 0 32
WIFC 2137 0 8
ADPM 2144 0 32
AG1L 2148 0 64
AG1H 2156 0 64
AG2L 2164 0 64
AG2H 2172 0 64
AG3L 2180 0 64
AG3H 2188 0 64
HEFE 2196 0 8
XDCE 2197 0 8
STXE 2198 0 8
ST10 2199 0 8
ST11 2200 0 8
ST12 2201 0 8
ST13 2202 0 8
ST14 2203 0 8
ST15 2204 0 8
ST16 2205 0 8
ST17 2206 0 8
ST18 2207 0 8
ST19 2208 0 8
ENVM 2209 0 8
DHSP 2210 0 16
DSSP 2212 0 16
DSTP 2214 0 8
STDE 2215 0 8
STRS 2216 0 8
ST20 2217 0 8
ST21 2218 0 8
ST22 2219 0 8
ST23 2220 0 8
ST24 2221 0 8
ST25 2222 0 8
ST26 2223 0 8
ST27 2224 0 8
ST28 2225 0 8
ST29 2226 0 8
ST30 2227 0 8
ST31 2228 0 8
ST32 2229 0 8
ST33 2230 0 8
ST34 2231 0 8
ST35 2232 0 8
ST36 2233 0 8
ST37 2234 0 8
ST38 2235 0 8
ST39 2236 0 8
ST40 2237 0 8
ST41 2238 0 8
ST42 2239 0 8
ST43 2240 0 8
ST44 2241 0 8
ST45 2242 0 8
ST46 2243 0 8
ST47 2244 0 8
ST48 2245 0 8
ST49 2246 0 8
SD11 2247 0 8
SD12 2248 0 8
SD13 2249 0 8
SD14 2250 0 8
SD15 2251 0 8
SD16 2252 0 8
SD21 2253 0 8
SD22 2254 0 8
SD23 2255 0 8
SD24 2256 0 8
SD25 2257 0 8
SD26 2258 0 8
SD31 2259 0 8
SD32 2260 0 8
SD33 2261 0 8
SD34 2262 0 8
SD35 2263 0 8
SD36 2264 0 8
SDAA 2306 0 8
SDAB 2307 0 8
BTSE 2308 0 8
BTBR 2309 0 8
BED2 2310 0 8
BED3 2311 0 8
BTLE 2312 0 8
BTL2 2313 0 8
BTLL 2314 0 8
ATDV 2317 0 8
COEM 2318 0 8
RTVM 2319 0 8
USTC 2320 0 8
HEB1 2321 0 32
BATP 2325 0 8
TSDB 2326 0 8
EPTU 2327 0 8
RBY1 2329 0 8
RBY2 2330 0 8
SCSS 2331 0 8
NCTC 2332 0 8
NCTI 2333 0 8
NCTH 2334 0 8
HSIO 2335 0 8
ZPOD 2336 0 8
RGBC 2337 0 8
DPTC 2338 0 8
SRSP 2339 0 32
CEDS 2343 0 8
EHK3 2344 0 8
EHK4 2345 0 8
EHK5 2346 0 8
EHK6 2347 0 8
EHK7 2348 0 8
EHK8 2349 0 8
VBVP 2350 0 8
VBVD 2351 0 8
VBHB 2352 0 8
VBRL 2353 0 8
SMSS 2354 0 8
VBST 2355 0 8
ADAS 2356 0 8
PPBG 2357 0 32
AEAB 2361 0 8
AHDB 2362 0 8
ELPM 2363 0 32
ELPS 2367 0 32
UCMS 2371 0 8
UCG1 2372 0 32
UCG2 2376 0 32
UCG3 2380 0 32
UCG4 2384 0 32
UTCE 2388 0 8
PCHE 2409 0 8
UDGF 2413 0 8
UDUP 2414 0 8
DBGF 2415 0 8
DBUP 2416 0 8
TTUP 2417 0 8
TP1T 2418 0 8
TP1P 2419 0 8
TP1D 2420 0 8
TP2T 2421 0 8
TP2P 2422 0 8
TP2D 2423 0 8
TP3T 2424 0 8
TP3P 2425 0 8
TP3D 2426 0 8
TP4T 2427 0 8
TP4P 2428 0 8
TP4D 2429 0 8
TP5T 2430 0 8
TP5P 2431 0 8
TP5D 2432 0 8
TP6T 2433 0 8
TP6P 2434 0 8
TP6D 2435 0 8
STAS 2436 0 8
WRTO 2437 0 8
PRST 2438 0 32
WPRP 2442 0 8
PUIS 2443 0 8
PSWP 2444 0 32
RPNB 2448 0 8
POME 2449 0 8
PSW2 2450 0 32
RPN2 2454 0 8
WFCP 2455 0 32
PFCP 2459 0 8
WBRS 2460 0 32
PBRS 2464 0 8
WWKP 2465 0 32
GPLP 2469 0 32
GPLR 2473 0 32
GPI1 2477 0 32
TPP1 2481 0 32
TPR1 2485 0 32
PPDI 2489 0 8
PPLI 2490 0 8
PPLP 2491 0 8
PPLR 2492 0 8
PPI1 2493 0 8
PPP1 2494 0 8
PPR1 2495 0 8
PSPE 2496 0 32
PPSP 2500 0 8
PSPR 2501 0 32
PPSR 2505 0 8
PSP2 2506 0 32
PS2P 2510 0 8
PSR2 2511 0 32
SR2P 2515 0 8
WLWK 2516 0 32
WLRP 2520 0 8
SATP 2521 0 32
STPP 2525 0 8
SSDP 2526 0 32
SDPP 2530 0 8
SSDR 2531 0 32
SDRP 2535 0 8
SD2P 2536 0 32
SDP1 2540 0 8
SD2R 2541 0 32
SDR1 2545 0 8
SD5P 2546 0 32
SDP5 2550 0 8
SD5R 2551 0 32
SDR5 2555 0 8
DG2P 2556 0 32
DGP2 2560 0 8
DG2R 2561 0 32
DGR2 2565 0 8
DGWP 2566 0 32
SXI1 2570 0 8
SXI2 2571 0 8
SXP1 2572 0 8
SXP2 2573 0 8
TSD0 2574 0 8
WCLK 2575 0 8
CWEF 2576 0 8
CECV 2577 0 32
WWRP 2581 0 8
KMOW 2582 0 8
WAGE 2583 0 8
AGA1 2584 0 8
AGA2 2585 0 8
AGA3 2586 0 8
AGA4 2587 0 8
AGA5 2588 0 8
AGB1 2589 0 8
AGB2 2590 0 8
AGB3 2591 0 8
AGB4 2592 0 8
AGB5 2593 0 8
SGMM 2594 0 8
SG00 2595 0 8
SG01 2596 0 8
SG02 2597 0 8
SG03 2598 0 8
SG04 2599 0 8
SG05 2600 0 8
SG06 2601 0 8
SG07 2602 0 8
SG08 2603 0 8
SG09 2604 0 8
SG10 2605 0 8
SG11 2606 0 8
SG12 2607 0 8
SG13 2608 0 8
SG14 2609 0 8
SG15 2610 0 8
SG16 2611 0 8
SG17 2612 0 8
SG18 2613 0 8
ACSD 2614 0 8
I5BS 2615 0 8
DGVR 2616 0 32
LPMR 2620 0 32
SG19 2624 0 8
SG20 2625 0 8
SG21 2626 0 8
P1PE 2627 0 32
P1PP 2631 0 8
P1RE 2632 0 32
P1RP 2636 0 8
P1WP 2637 0 32
PRP1 2641 0 8
P2PE 2642 0 32
P2PP 2646 0 8
P2RE 2647 0 32
P2RP 2651 0 8
P2WP 2652 0 32
PRP2 2656 0 8
PSP3 2657 0 32
PS3P 2661 0 8
PSR3 2662 0 32
SR3P 2666 0 8
PSW3 2667 0 32
RPN3 2671 0 8
SD3P 2672 0 32
SDP3 2676 0 8
SD3R 2677 0 32
SDR3 2681 0 8
SD4P 2682 0 32
SDP4 2686 0 8
SD4R 2687 0 32
SDR4 2691 0 8
XSMI 2692 0 32
DUWS 2696 0 8
ST50 2697 0 8
ST51 2698 0 8
ST52 2699 0 8
ST53 2700 0 8
ST54 2701 0 8
ST55 2702 0 8
ST56 2703 0 8
ST57 2704 0 8
ST58 2705 0 8
ST59 2706 0 8
ST5A 2707 0 8
ST5B 2708 0 8
ST60 2709 0 8
ST61 2710 0 8
ST62 2711 0 8
ST63 2712 0 8
ST64 2713 0 8
ST65 2714 0 8
ST66 2715 0 8
ST67 2716 0 8
ST68 2717 0 8
ST69 2718 0 8
ST6A 2719 0 8
ST6B 2720 0 8
ST70 2721 0 8
ST71 2722 0 8
ST72 2723 0 8
ST73 2724 0 8
ST74 2725 0 8
ST75 2726 0 8
ST76 2727 0 8
ST77 2728 0 8
ST78 2729 0 8
ST79 2730 0 8
ST7A 2731 0 8
ST7B 2732 0 8
ST80 2733 0 8
ST81 2734 0 8
ST82 2735 0 8
ST83 2736 0 8
ST84 2737 0 8
ST85 2738 0 8
ST86 2739 0 8
ST87 2740 0 8
ST88 2741 0 8
ST89 2742 0 8
ST8A 2743 0 8
ST8B 2744 0 8
SD17 2745 0 8
SD18 2746 0 8
SD19 2747 0 8
SD27 2748 0 8
SD28 2749 0 8
SD29 2750 0 8
SD37 2751 0 8
SD38 2752 0 8
SD39 2753 0 8
AGA6 2754 0 8
AGA7 2755 0 8
AGA8 2756 0 8
AGA9 2757 0 8
AGAA 2758 0 8
AGAB 2759 0 8
AGB6 2760 0 8
AGB7 2761 0 8
AGB8 2762 0 8
AGB9 2763 0 8
AGBA 2764 0 8
AGBB 2765 0 8
UHBS 2766 0 32
AXSU 2770 0 8
AXMU 2771 0 8
AXSR 2772 0 8
AXMR 2773 0 8
CD10 2774 0 8
CD11 2775 0 8
CD12 2776 0 8
CD13 2777 0 8
CD14 2778 0 8
CD15 2779 0 8
CD16 2780 0 8
CD17 2781 0 8
CD18 2782 0 8
CD19 2783 0 8
CD1A 2784 0 8
CD20 2785 0 8
CD21 2786 0 8
CD22 2787 0 8
CD23 2788 0 8
CD24 2789 0 8
CD25 2790 0 8
CD26 2791 0 8
CD27 2792 0 8
CD28 2793 0 8
CD29 2794 0 8
CD2A 2795 0 8
CD30 2796 0 8
CD31 2797 0 8
CD32 2798 0 8
CD33 2799 0 8
CD34 2800 0 8
CD35 2801 0 8
CD36 2802 0 8
CD37 2803 0 8
CD38 2804 0 8
CD39 2805 0 8
CD3A 2806 0 8
CD3B 2807 0 8
CD3C 2808 0 8
CD3D 2809 0 8
CD3E 2810 0 8
CD3F 2811 0 8
CD40 2812 0 8
CD41 2813 0 8
CD42 2814 0 8
CD43 2815 0 8
CD44 2816 0 8
CD45 2817 0 8
CD46 2818 0 8
CD47 2819 0 8
CD48 2820 0 8
CD49 2821 0 8
CD4A 2822 0 8
CD4B 2823 0 8
CD4C 2824 0 8
CD4D 2825 0 8
CD4E 2826 0 8
CD4F 2827 0 8
CD50 2828 0 8
CD51 2829 0 8
CD52 2830 0 8
CD53 2831 0 8
CD54 2832 0 8
CD55 2833 0 8
CD56 2834 0 8
CD57 2835 0 8
CD58 2836 0 8
CD59 2837 0 8
CD5A 2838 0 8
CD5B 2839 0 8
CD5C 2840 0 8
CD5D 2841 0 8
CD5E 2842 0 8
CD5F 2843 0 8
CD60 2844 0 8
CD61 2845 0 8
CD62 2846 0 8
CD63 2847 0 8
CD64 2848 0 8
CD65 2849 0 8
CD66 2850 0 8
CD67 2851 0 8
CD68 2852 0 8
CD69 2853 0 8
CD6A 2854 0 8
CD6B 2855 0 8
CD6C 2856 0 8
CD6D 2857 0 8
CD6E 2858 0 8
CD6F 2859 0 8
CD70 2860 0 8
CD71 2861 0 8
WPFA 2862 0 32
WPFB 2866 0 32
WPFC 2870 0 32
WPFD 2874 0 32
L0LC 2878 0 8
L1LC 2879 0 8
L2LC 2880 0 8
L3LC 2881 0 8
L4LC 2882 0 8
L5LC 2883 0 8
POVP 2884 0 32
PSG1 2888 0 32
PSG2 2892 0 32
PPOE 2896 0 32
FND2 2900 0 8
FND3 2901 0 8
S6DE 2902 0 8
WTSE 2903 0 8
WTLE 2904 0 8
BL01 2905 0 16
BL02 2907 0 16
BL03 2909 0 16
BL04 2911 0 16
BL05 2913 0 16
BL06 2915 0 16
BL07 2917 0 16
BL08 2919 0 16
BL09 2921 0 16
BL10 2923 0 16
BL11 2925 0 16
BL12 2927 0 16
BL13 2929 0 16
BL14 2931 0 16
BL15 2933 0 16
BL16 2935 0 16
CVFS 2937 0 8
CUPN 2938 0 8
DGBA 2939 0 64
DGOP 2947 0 32
TILE 2951 0 8
TIS0 2952 0 8
TS0X 2953 0 8
TIS4 2954 0 8
TIS5 2955 0 8
SLEC 2956 0 8
LEDU 2957 0 16
TAPM 2959 0 8
STD3 2960 0 8
PXDC 2961 0 8
PXAC 2962 0 8
PXWC 2963 0 8
PXUC 2964 0 8
PXFD 2965 0 8
WWEN 2967 0 8
WFFD 2968 0 8
TN2B 2969 0 16
TB2R 2971 0 16
TR2P 2973 0 16
TB2F 2975 0 16
TFDI 2977 0 16
TBTG 2979 0 16
TBTP 2981 0 16
LSWP 2983 0 32
U4CM 2987 0 8
CMSK 2988 0 8
LP5E 2989 0 8
CLCN 2990 0 8
CLSA 2991 0 8
TP7T 2992 0 8
TP7P 2993 0 8
TP7D 2994 0 8
TP8T 2995 0 8
TP8P 2996 0 8
TP8D 2997 0 8
TP9T 2998 0 8
TP9P 2999 0 8
TP9D 3000 0 8
TPAT 3001 0 8
TPAP 3002 0 8
TPAD 3003 0 8
TP1U 3004 0 8
TP2U 3005 0 8
TP3U 3006 0 8
TP4U 3007 0 8
TP5U 3008 0 8
TP6U 3009 0 8
TP7U 3010 0 8
TP8U 3011 0 8
TP9U 3012 0 8
TPAU 3013 0 8
FVWP 3014 0 32
FVRE 3018 0 32
FVRP 3022 0 8
FVPE 3023 0 32
FVPP 3027 0 8
FVSP 3028 0 8
RPFV 3029 0 8
DPIW 3030 0 8
DPG1 3031 0 32
UDRS 3035 0 8
U4SE 3036 0 8
L0FI 3037 0 8
L1FI 3038 0 8
L2FI 3039 0 8
L3FI 3040 0 8
L4FI 3041 0 8
L5FI 3042 0 8
SSH6 3043 0 16
SSL6 3045 0 16
SSD6 3047 0 16
FMH6 3049 0 16
FML6 3051 0 16
FMD6 3053 0 16
FPH6 3055 0 16
FPL6 3057 0 16
FPD6 3059 0 16
HSH6 3061 0 16
HSL6 3063 0 16
HSD6 3065 0 16
M0CC 3067 0 16
M1CC 3069 0 16
SSH7 3071 0 16
SSL7 3073 0 16
SSD7 3075 0 16
FMH7 3077 0 16
FML7 3079 0 16
FMD7 3081 0 16
FPH7 3083 0 16
FPL7 3085 0 16
FPD7 3087 0 16
HSH7 3089 0 16
HSL7 3091 0 16
HSD7 3093 0 16
M0CD 3095 0 16
M1CD 3097 0 16
TR2B 3099 0 16
ZPDA 3101 0 32
ZDPR 3105 0 32
ZDPW 3109 0 32
ZDPP 3113 0 8
WSID 3114 0 16
WSTO 3116 0 16
HUAR 3118 0 8
BLEC 3119 0 8
BLPD 3120 0 8
BLPI 3121 0 8
WFRC 3122 0 32
WFUC 3126 0 32
UNI4 3130 0 32
WFIC 3134 0 32
R8DC 3138 0 8
OMP1 3139 0 32
OM1P 3143 0 8
OMR1 3144 0 32
MR1P 3148 0 8
OMW1 3149 0 32
RPO1 3153 0 8
OMP2 3154 0 32
OM2P 3158 0 8
OMR2 3159 0 32
MR2P 3163 0 8
OMW2 3164 0 32
RPO2 3168 0 8
WCEN 3169 0 8
R8DS 3170 0 8
WLBI 3171 0 8
WHBI 3172 0 8
SDGN 3173 0 8
SD41 3174 0 8
SD42 3175 0 8
SD43 3176 0 8
SD44 3177 0 8
SD45 3178 0 8
SD46 3179 0 8
SD47 3180 0 8
SD48 3181 0 8
SD49 3182 0 8
SD51 3183 0 8
SD52 3184 0 8
SD53 3185 0 8
SD54 3186 0 8
SD55 3187 0 8
SD56 3188 0 8
SD57 3189 0 8
SD58 3190 0 8
SD59 3191 0 8
SD61 3192 0 8
SD62 3193 0 8
SD63 3194 0 8
SD64 3195 0 8
SD65 3196 0 8
SD66 3197 0 8
SD67 3198 0 8
SD68 3199 0 8
SD69 3200 0 8
SD71 3201 0 8
SD72 3202 0 8
SD73 3203 0 8
SD74 3204 0 8
SD75 3205 0 8
SD76 3206 0 8
SD77 3207 0 8
SD78 3208 0 8
SD79 3209 0 8
SD81 3210 0 8
SD82 3211 0 8
SD83 3212 0 8
SD84 3213 0 8
SD85 3214 0 8
SD86 3215 0 8
SD87 3216 0 8
SD88 3217 0 8
SD89 3218 0 8
R8WR 3219 0 8
WTSV 3220 0 32
EDMX 3224 0 32
DBRL 3228 0 8
DNID 3229 0 8
DGD1 3230 0 32
DGD2 3234 0 32
DGD3 3238 0 32
DGD4 3242 0 32
DGD5 3246 0 32
DGD6 3250 0 32
DGD7 3254 0 32
DGD8 3258 0 32
DGD9 3262 0 32
DGDA 3266 0 32
DGDB 3270 0 32
DGDC 3274 0 32
DGDD 3278 0 32
DGDE 3282 0 32
DGDF 3286 0 32
DGDX 3290 0 32
DGDS 3294 0 8
VTCM 3295 0 8
