sensore gc8034 gc8034 1-0037 /dev/v4l-subdev5 Intel IPU6 CSI2 1 /dev/video8
formato 3264x2448 RGGB bpl 6528 n 6
regs:
controlli:
exposure: 2246
analogue_gain: 0
vertical_blanking: 48
horizontal_blanking: 1008
pixel_rate: 255909888
rilettura:
# p reg scritto allo-stream-on(ret 0) ora(ret 0)
timestamp:
12167.075367
12167.158670
12167.241978
12167.325284
12167.408593
12167.491899
12167.575207
12167.658515
12167.741823
12167.825130
12167.908439
12167.991745
12168.075053
12168.158359
12168.241667
12168.324975
12168.408283
12168.491590
12168.574898
12168.658207
12168.741513
12168.824821
12168.908127
12168.991436
12169.074742
12169.158051
12169.241360
12169.324666
12169.407974
12169.491280
12169.574590
12169.657895
12169.741203
12169.824509
12169.907819
12169.991126
12170.074434
12170.157740
12170.241048
12170.324356
12170.407665
12170.490972
12170.574278
12170.657586
12170.740895
12170.824201
12170.907509
12170.990818
12171.074126
12171.157431
12171.240740
12171.324047
12171.407354
12171.490663
12171.573969
12171.657276
12171.740584
12171.823893
12171.907201
12171.990508
12172.073815
12172.157122
12172.240434
12172.323739
12172.407045
12172.490352
12172.573662
12172.656967
12172.740277
12172.823584
12172.906891
12172.990198
12173.073505
12173.156814
12173.240120
12173.323428
12173.406737
12173.490045
12173.573350
12173.656659
12173.739967
12173.823274
12173.906581
12173.989890
12174.073197
12174.156503
12174.239813
12174.323119
12174.406426
12174.489735
12174.573042
12174.656348
12174.739657
12174.822966
12174.906272
12174.989580
12175.072888
12175.156195
12175.239501
12175.322812
12175.406118
12175.489425
12175.572735
12175.656039
12175.739348
12175.822655
12175.905965
12175.989272
12176.072579
12176.155888
12176.239193
12176.322501
12176.405810
12176.489117
12176.572424
12176.655730
12176.739040
12176.822348
12176.905655
12176.988962
12177.072267
12177.155576
12177.238885
12177.322191
12177.405500
12177.488806
12177.572114
12177.655423
12177.738729
12177.822039
12177.905345
12177.988655
12178.071960
12178.155269
12178.238573
12178.321883
12178.405190
12178.488496
12178.571807
12178.655112
12178.738421
12178.821728
12178.905034
12178.988342
12179.071650
12179.154957
12179.238267
12179.321575
12179.404881
12179.488189
12179.571497
12179.654804
12179.738110
12179.821419
12179.904728
12179.988033
12180.071343
12180.154649
12180.237958
12180.321265
12180.404572
12180.487880
12180.571188
12180.654495
12180.737802
12180.821108
12180.904416
12180.987725
12181.071033
12181.154342
