sensore gc8034 gc8034 1-0037 /dev/v4l-subdev5 Intel IPU6 CSI2 1 /dev/video8
formato 128x96 RGGB bpl 256 n 6
regs:
0 0x09 0x09
0 0x0a 0x74
0 0x0d 0x00
0 0x0e 0x70
0 0x91 0x00
0 0x92 0x08
0 0x93 0x0c
0 0x94 0x53
0 0x95 0x00
0 0x96 0x60
0 0x97 0x00
0 0x98 0x80
3 0x12 0xa0
3 0x13 0x00
controlli:
exposure: 40
analogue_gain: 0
vertical_blanking: 2400
horizontal_blanking: 1008
pixel_rate: 255909888
rilettura:
# p reg scritto allo-stream-on(ret 0) ora(ret 0)
0 0x09 0x09 0x09 0x09
0 0x0a 0x74 0x74 0x74
0 0x0d 0x00 0x00 0x00
0 0x0e 0x70 0x70 0x70
0 0x91 0x00 0x00 0x00
0 0x92 0x08 0x08 0x08
0 0x93 0x0c 0x0c 0x0c
0 0x94 0x53 0x53 0x53
0 0x95 0x00 0x00 0x00
0 0x96 0x60 0x60 0x60
0 0x97 0x00 0x00 0x00
0 0x98 0x80 0x80 0x80
3 0x12 0xa0 0xa0 0xa0
3 0x13 0x00 0x00 0x00
timestamp:
12158.273647
12158.285661
12158.288067
12158.290335
12158.292785
12158.292876
12158.295146
12158.297677
12158.299978
12158.302483
12158.304756
96.407142
96.407142
12158.309658
12158.309669
96.407143
96.407142
96.407143
12158.316785
12158.319305
12158.321707
12158.324014
12158.326515
12158.328918
12158.331320
12158.333732
12158.335997
12158.338416
12158.338531
12158.340822
12158.343181
12158.343364
12158.345740
12158.348143
12158.350435
12158.352845
12158.352949
12158.355253
12158.357754
12158.360157
12158.362446
12158.364965
12158.367377
12158.369635
12158.372069
12158.372221
12158.374578
12158.376922
12158.376987
12158.379382
12158.381790
12158.384081
12158.386456
12158.386634
12158.388934
12158.389000
12158.391398
12158.393676
12158.396049
12158.396213
12158.398610
12158.400857
96.407146
96.407146
96.407146
96.407146
96.407146
96.407146
96.407147
96.407147
96.407144
96.407147
96.407147
96.407147
96.407147
96.407147
96.407147
96.407147
12158.429788
12158.432155
12158.432253
12158.434656
12158.436924
12158.439460
12158.441732
12158.444268
12158.446670
12158.449083
12158.451344
12158.453714
12158.453903
12158.456283
12158.458685
12158.460982
12158.463341
12158.463493
12158.465772
12158.468300
12158.470569
12158.473034
12158.473114
12158.475512
12158.477912
12158.480315
12158.482580
12158.485029
12158.485120
12158.487524
12158.489931
12158.492195
12158.494732
12158.497134
12158.499538
12158.501942
12158.504345
12158.506692
12158.506756
12158.509152
12158.511552
12158.513966
12158.516368
12158.518765
12158.521028
12158.523568
12158.525918
12158.525982
12158.528376
12158.530644
12158.533181
12158.535586
12158.537987
12158.540257
12158.542688
12158.542793
12158.545197
12158.547575
12158.547640
12158.549877
12158.552405
12158.554811
12158.557080
12158.559544
12158.559624
12158.561954
12158.562019
12158.564305
12158.566725
12158.566862
12158.569095
12158.571632
12158.573951
12158.576437
12158.578710
12158.581244
12158.583514
12158.586049
12158.588453
12158.590770
12158.593115
12158.593198
12158.595664
12158.598065
12158.600474
12158.602738
12158.605275
12158.607679
12158.609968
12158.612330
12158.612483
12158.614889
12158.617157
12158.619592
12158.619733
12158.622098
12158.624343
12158.626903
12158.629175
12158.631710
12158.634113
12158.636382
12158.638917
12158.641322
12158.643663
12158.643744
12158.646003
12158.648530
12158.650933
12158.653237
12158.655739
12158.658071
12158.658149
12158.660547
12158.662832
12158.665229
12158.665357
12158.667757
12158.670158
12158.672563
12158.674901
12158.674969
12158.677369
12158.679770
12158.682047
12158.684576
12158.686979
12158.689252
12158.691786
12158.694191
12158.696459
12158.698911
12158.698994
12158.701271
12158.703663
12158.703835
12158.706205
12158.708609
12158.711012
12158.713278
12158.715748
12158.715828
12158.718220
12158.720623
12158.722892
12158.725429
12158.727839
12158.730238
12158.732604
12158.732672
12158.735048
12158.737452
12158.739756
12158.742252
12158.744655
12158.747057
12158.749459
12158.751739
12158.754184
12158.754266
12158.756670
12158.758965
12158.761476
12158.763879
12158.766165
12158.768685
12158.771089
12158.773491
12158.775758
12158.778298
12158.780570
12158.783105
12158.785506
12158.787779
12158.790234
12158.790316
12158.792718
12158.794986
12158.797523
12158.799925
12158.802205
12158.804731
12158.807003
12158.809422
12158.809563
12158.811943
12158.814207
12158.816636
12158.816795
12158.819151
12158.821429
12158.823958
12158.826360
12158.828646
12158.831166
12158.833570
12158.835974
12158.838381
12158.840644
96.407165
96.407165
96.407165
96.407165
96.407165
96.407165
96.407165
96.407165
96.407166
96.407166
96.407166
96.407166
96.407166
96.407166
96.407166
96.407166
96.407166
96.407166
96.407166
96.407166
96.407166
96.407166
96.407166
96.407166
96.407166
96.407167
96.407167
96.407167
96.407167
96.407167
96.407167
96.407167
96.407167
96.407167
96.407167
96.407167
96.407167
96.407167
96.407167
96.407167
96.407168
96.407168
96.407168
96.407168
96.407168
96.407168
96.407168
96.407168
96.407168
96.407168
96.407168
96.407168
96.407168
96.407168
96.407169
12158.929579
12158.932096
12158.934388
12158.936901
12158.939305
12158.941574
96.407169
96.407169
96.407169
96.407170
96.407170
96.407170
96.407170
96.407170
96.407170
96.407170
96.407170
96.407170
96.407170
96.407170
96.407170
96.407170
96.407170
96.407171
96.407171
96.407171
96.407171
96.407171
96.407171
96.407171
96.407171
96.407171
96.407171
96.407171
96.407171
96.407171
96.407171
96.407172
96.407172
96.407172
96.407172
96.407172
96.407172
96.407172
96.407172
96.407172
12159.016092
12159.018606
12159.021013
12159.023370
12159.023450
12159.025773
12159.025839
12159.028223
[12157.576651] intel_ipu6_isys.isys intel_ipu6.isys.40: csi2-1 error: Single packet header error corrected
[12157.576673] intel_ipu6_isys.isys intel_ipu6.isys.40: csi2-1 error: Multiple packet header errors detected
[12157.576681] intel_ipu6_isys.isys intel_ipu6.isys.40: csi2-1 error: Payload checksum (CRC) error
[12157.576687] intel_ipu6_isys.isys intel_ipu6.isys.40: csi2-1 error: Incomplete long packet detected
[12157.576693] intel_ipu6_isys.isys intel_ipu6.isys.40: csi2-1 error: Frame sync error
