sensore gc8034 gc8034 1-0037 /dev/v4l-subdev5 Intel IPU6 CSI2 1 /dev/video8
formato 3264x2448 RGGB bpl 6528 n 6
regs:
controlli:
exposure: 2246
analogue_gain: 0
vertical_blanking: 48
horizontal_blanking: 1008
pixel_rate: 255909888
rilettura:
# p reg scritto allo-stream-on(ret 0) ora(ret 0)
timestamp:
12185.218682
12185.301988
12185.385295
12185.468600
12185.551910
12185.635219
12185.718524
12185.801831
12185.885141
12185.968447
12186.051756
12186.135064
12186.218371
12186.301677
12186.384984
12186.468291
12186.551600
12186.634905
12186.718213
12186.801522
12186.884831
12186.968136
12187.051446
12187.134752
12187.218061
12187.301366
12187.384676
12187.467982
12187.551291
12187.634598
12187.717906
12187.801214
12187.884520
12187.967827
12188.051136
12188.134443
12188.217752
12188.301057
12188.384364
12188.467672
12188.550980
12188.634289
12188.717595
12188.800905
12188.884211
12188.967518
12189.050826
12189.134135
12189.217442
12189.300749
12189.384058
12189.467364
12189.550671
12189.633981
12189.717289
12189.800595
12189.883903
12189.967211
12190.050516
12190.133827
12190.217132
12190.300439
12190.383749
12190.467054
12190.550363
12190.633670
12190.716979
12190.800287
12190.883594
12190.966902
12191.050209
12191.133517
12191.216823
12191.300131
12191.383437
12191.466745
12191.550055
12191.633360
12191.716670
12191.799974
12191.883285
12191.966592
12192.049900
12192.133209
12192.216514
12192.299821
12192.383129
12192.466436
12192.549746
12192.633050
12192.716358
12192.799666
12192.882973
12192.966280
12193.049591
12193.132898
12193.216203
12193.299512
12193.382820
12193.466127
12193.549434
12193.632743
12193.716049
12193.799358
12193.882665
12193.965973
12194.049279
12194.132586
12194.215895
12194.299202
12194.382511
12194.465816
12194.549127
12194.632434
12194.715741
12194.799050
12194.882357
12194.965664
12195.048971
12195.132279
12195.215588
12195.298896
12195.382202
12195.465509
12195.548817
12195.632124
12195.715433
12195.798740
12195.882046
12195.965353
12196.048661
12196.131971
12196.215277
12196.298584
12196.381892
12196.465200
12196.548506
12196.631813
12196.715121
12196.798428
12196.881739
12196.965044
12197.048351
12197.131660
12197.214969
12197.298274
12197.381584
12197.464892
12197.548201
12197.631507
12197.714814
12197.798121
12197.881428
12197.964736
12198.048043
12198.131351
12198.214659
12198.297967
12198.381274
12198.464582
12198.547888
12198.631195
12198.714505
12198.797811
12198.881119
12198.964425
