sensore gc8034 gc8034 1-0037 /dev/v4l-subdev5 Intel IPU6 CSI2 1 /dev/video8
formato 1632x1224 RGGB bpl 3264 n 6
regs:
0 0x66 0x2c
0 0x80 0x10
0 0xad 0x30
0 0xbc 0x49
0 0x92 0x04
0 0x94 0x05
0 0x95 0x04
0 0x96 0xc8
0 0x97 0x06
0 0x98 0x60
3 0x12 0xf8
3 0x13 0x07
controlli:
exposure: 2246
analogue_gain: 0
vertical_blanking: 1280
horizontal_blanking: 1008
pixel_rate: 255909888
timestamp:
1469.159802
1469.163929
1469.167265
1469.173743
1469.179282
1469.182637
1469.187967
1469.198506
1469.238471
1469.267711
1469.280257
1469.293279
1469.303551
1469.322045
1469.340941
1469.363829
1469.398014
1469.405620
1469.418038
1469.447405
1469.451818
1469.489193
1469.530982
1469.572766
1469.582519
1469.614557
1469.656344
1469.684115
1469.690524
1469.698132
1469.739917
1469.779373
1469.823490
1469.827762
1469.865280
1469.878033
1469.907067
1469.948853
1469.979231
1469.990643
1470.032429
1470.074216
1470.102457
1470.116002
1470.157791
1470.176619
1470.199580
1470.210198
1470.241364
1470.283152
1470.303448
1470.324939
1470.335892
1470.351579
1470.366725
1470.376079
1470.408514
1470.415530
1470.450300
1470.460252
1470.480935
1470.492088
1470.533876
1470.543493
1470.575663
1470.617452
1470.646485
1470.659238
1470.681940
1470.694421
1470.701024
1470.730460
1470.742351
1470.771652
1470.784598
1470.801018
1470.826387
1470.868174
1470.884060
1470.898668
1470.909961
1470.919648
1470.951750
1470.956360
1470.960032
1470.993536
1471.035324
1471.067504
1471.077111
1471.118899
1471.143602
1471.160685
1471.174376
1471.202472
1471.210687
1471.244259
1471.284383
1471.325035
1471.359278
1471.369623
1471.379505
1471.411407
1471.453197
1471.494983
1471.511811
1471.536770
1471.567616
1471.578558
1471.591779
1471.620346
1471.633969
1471.648720
1471.662133
1471.676355
1471.703920
1471.720880
1471.743308
1471.764070
1471.787493
1471.829282
1471.866603
1471.871069
1471.885093
1471.912856
1471.951103
1471.954646
1471.996430
1472.001024
1472.038220
1472.055314
1472.080005
1472.121793
1472.163582
1472.192956
1472.202561
1472.247156
1472.288943
1472.311444
1472.319712
1472.328731
1472.339146
1472.372518
1472.403696
1472.414305
1472.423322
1472.432934
1472.456090
1472.473785
1472.490408
1472.497879
1472.502474
1472.510233
1472.519912
1472.539668
1472.581452
1472.591872
1472.614100
1472.623241
1472.643472
1472.665029
1472.682390
1472.698942
1472.706819
1472.742065
1472.748603
1472.776909
1472.790389
1472.801476
1472.832177
1472.873966
1472.881378
1472.915752
1472.957538
1472.964020
1472.972756
1472.987383
1472.994726
1472.999325
1473.017687
1473.027103
1473.041116
1473.070491
1473.082902
1473.093520
1473.120887
1473.124689
1473.138510
1473.154463
1473.166477
1473.171070
1473.208263
1473.250052
1473.277691
1473.290175
1473.313671
1473.318743
1473.333627
1473.375411
1473.415000
1473.423813
1473.439699
1473.458986
1473.463533
1473.500775
1473.512595
1473.533353
1473.538294
1473.542561
1473.555250
1473.574608
1473.584348
1473.626135
1473.667924
1473.684685
1473.709710
1473.719062
1473.751499
1473.780472
1473.790820
1473.835073
1473.876861
1473.891741
1473.918649
1473.958829
1473.972721
1474.002222
1474.029927
1474.040609
1474.044026
1474.085067
1474.094482
1474.127584
1474.169371
1474.179525
1474.194942
1474.209159
1474.251480
1474.265636
1474.291533
1474.319704
1474.324109
1474.336520
1474.344603
1474.378307
1474.420094
1474.461884
1474.503670
1474.510418
1474.531311
1474.545458
1474.587243
1474.613080
1474.629031
1474.641118
1474.655069
1474.670819
1474.687646
1474.711875
1474.719687
1474.731761
1474.754395
1474.796179
1474.826959
1474.837968
1474.845582
1474.849856
1474.879756
1474.918944
1474.963331
1475.002918
1475.023812
1475.032556
1475.046906
1475.088692
1475.130481
1475.172266
1475.201301
1475.214053
1475.232416
1475.254843
1475.285616
1475.297630
1475.316659
1475.335013
1475.339418
1475.364852
1475.377536
1475.381204
1475.418389
1475.422990
1475.464779
1475.506566
1475.536073
1475.545620
1475.587809
1475.619649
1475.631927
1475.656630
1475.673713
1475.709699
1475.715503
1475.757287
1475.763301
1475.799076
1475.836527
1475.840268
1475.850413
1475.882121
1475.911826
1475.920571
1475.924441
1475.965094
1475.996669
1476.008014
1476.022826
1476.049801
1476.078173
1476.087710
1476.091589
1476.101004
1476.130975
1476.147723
1476.161952
1476.175165
1476.216949
1476.235510
1476.240309
1476.258737
1476.263015
1476.300522
1476.319351
1476.342312
1476.384099
1476.422477
1476.425886
1476.434036
1476.463797
1476.467672
1476.505592
1476.509461
1476.514053
1476.523085
1476.527890
1476.535302
1476.551247
1476.593035
1476.601050
1476.632822
1476.676608
1476.718396
1476.743634
1476.760183
1476.777011
1476.798307
1476.801973
1476.808184
1476.834149
1476.843758
1476.868796
1476.885549
1476.900628
1476.927332
1476.947423
1476.969123
1477.006907
1477.010911
1477.019861
1477.048897
1477.052179
1477.062045
1477.094482
1477.136269
1477.153030
1477.178057
1477.217905
1477.224440
1477.249619
1477.261634
1477.303420
1477.308012
1477.345207
1477.371112
1477.383719
1477.387011
1477.414568
1477.419841
1477.428784
1477.434594
1477.470569
1477.492861
1477.512355
1477.527638
1477.554144
1477.583784
1477.595930
1477.637717
1477.679506
1477.687319
1477.708549
1477.721294
1477.763078
1477.793057
1477.800666
1477.804866
1477.846654
1477.863748
1477.888443
1477.930228
1477.960271
1477.972015
1478.013802
1478.051124
1478.055591
1478.066009
1478.070473
1478.097380
1478.107263
1478.114407
1478.139164
1478.180952
1478.193575
1478.221944
1478.264526
1478.275482
1478.306313
1478.310908
1478.318136
1478.348103
1478.365252
1478.389887
1478.427676
1478.431032
1478.473463
1478.477999
1478.515252
[ 1487.822002] intel_ipu6_isys.isys intel_ipu6.isys.40: stream close time out
[ 1487.822554] intel_ipu6_isys.isys intel_ipu6.isys.40: buffer list not empty, needs isys reset
