sensore gc8034 gc8034 1-0037 /dev/v4l-subdev5 Intel IPU6 CSI2 1 /dev/video8
formato 1632x1224 RGGB bpl 3264 n 6
regs:
0 0x66 0x2c
0 0x80 0x10
0 0xad 0x30
0 0xbc 0x49
0 0x92 0x04
0 0x94 0x05
0 0x95 0x04
0 0x96 0xc8
0 0x97 0x06
0 0x98 0x60
3 0x12 0xf8
3 0x13 0x07
0 0xfc 0xee
3 0x03 0x9a
3 0x22 0x06
controlli:
exposure: 2246
analogue_gain: 0
vertical_blanking: 1280
horizontal_blanking: 1008
pixel_rate: 255909888
timestamp:
1489.358499
1489.362775
1489.368164
1489.372788
1489.376843
1489.383520
1489.386941
1489.391279
1489.397534
1489.437166
1489.465341
1489.476354
1489.517675
1489.535222
1489.562528
1489.574014
1489.582416
1489.586631
1489.604315
1489.617537
1489.635219
1489.646102
1489.687889
1489.729677
1489.757916
1489.771467
1489.813250
1489.855040
1489.896827
1489.919251
1489.938615
1489.980402
1490.019855
1490.030005
1490.051297
1490.063978
1490.073392
1490.105764
1490.112978
1490.120978
1490.147550
1490.155633
1490.177259
1490.189338
1490.228660
1490.235868
1490.240343
1490.246141
1490.253357
1490.272911
1490.287067
1490.308030
1490.314700
1490.319293
1490.356486
1490.398273
1490.440062
1490.478781
1490.496797
1490.521436
1490.562556
1490.576841
1490.604679
1490.648997
1490.690786
1490.698599
1490.732571
1490.752004
1490.765954
1490.774361
1490.803801
1490.816150
1490.835778
1490.839509
1490.847394
1490.857934
1490.864415
1490.886911
1490.899721
1490.913810
1490.922015
1490.929232
1490.934703
1490.939845
1490.983296
1491.025084
1491.059064
1491.066871
1491.104390
1491.108658
1491.136765
1491.150445
1491.192233
1491.234019
1491.249104
1491.273275
1491.311990
1491.317597
1491.358784
1491.366596
1491.376410
1491.387556
1491.401168
1491.415783
1491.442294
1491.465722
1491.479209
1491.484744
1491.514586
1491.526534
1491.568317
1491.610105
1491.648150
1491.651893
1491.661110
1491.693680
1491.710840
1491.721053
1491.735470
1491.745083
1491.777254
1491.805229
1491.813505
1491.819045
1491.857152
1491.860831
1491.902615
1491.944404
1491.986191
1492.027977
1492.043327
1492.055819
1492.069768
1492.076113
1492.111554
1492.134120
1492.153340
1492.195128
1492.200072
1492.225363
1492.236916
1492.268226
1492.278705
1492.317956
1492.338310
1492.362276
1492.391854
1492.404065
1492.439914
1492.445851
1492.485232
1492.526027
1492.529426
1492.558135
1492.571213
1492.603058
1492.613002
1492.654789
1492.659126
1492.696574
1492.738361
1492.766937
1492.780149
1492.812864
1492.821939
1492.859188
1492.863725
1492.905513
1492.947298
1492.989088
1493.023003
1493.030875
1493.068785
1493.072663
1493.078807
1493.092358
1493.114449
1493.135215
1493.148297
1493.156236
1493.170318
1493.198022
1493.214515
1493.239811
1493.277732
1493.281598
1493.323385
1493.330197
1493.333604
1493.365173
1493.402960
1493.406960
1493.423854
1493.448747
1493.464499
1493.486661
1493.490535
1493.502890
1493.532320
1493.546937
1493.574108
1493.583860
1493.593270
1493.602820
1493.615897
1493.635058
1493.657685
1493.686459
1493.699470
1493.728248
1493.741257
1493.779769
1493.783070
1493.824832
1493.866621
1493.908406
1493.918093
1493.950195
1493.991981
1494.011279
1494.032637
1494.075557
1494.083507
1494.117343
1494.121939
1494.159132
1494.187574
1494.200918
1494.236902
1494.242705
1494.261069
1494.284492
1494.294046
1494.313201
1494.326281
1494.368067
1494.405653
1494.409856
1494.417671
1494.428210
1494.451642
1494.493429
1494.498023
1494.519534
1494.535218
1494.574531
1494.618791
1494.660578
1494.680943
1494.702365
1494.722455
1494.728406
1494.744153
1494.785940
1494.827729
1494.860042
1494.869516
1494.911303
1494.950760
1494.978125
1494.994878
1495.036664
1495.078453
1495.116430
1495.120240
1495.136731
1495.151151
1495.162028
1495.201347
1495.219232
1495.245601
1495.257956
1495.287388
1495.309212
1495.329174
1495.370962
1495.399804
1495.412752
1495.435319
1495.442195
1495.454537
1495.496324
1495.538111
1495.546661
1495.567289
1495.579236
1495.621686
1495.663476
1495.692908
1495.705263
1495.729497
1495.739242
1495.742607
1495.747050
1495.760069
1495.767139
1495.774891
1495.788838
1495.800590
1495.830625
1495.860602
1495.868611
1495.872413
1495.914198
1495.922080
1495.955987
1495.997773
1496.028751
1496.039561
1496.049376
1496.071072
1496.081349
1496.123136
1496.149640
1496.164922
1496.177809
1496.194432
1496.206709
1496.227941
1496.248496
1496.278608
1496.288020
1496.332070
1496.357911
1496.373861
1496.399030
1496.409042
1496.415650
1496.430660
1496.457433
1496.477998
1496.492482
1496.499223
1496.541008
1496.555823
1496.563241
1496.570518
1496.582796
1496.624581
1496.635068
1496.652555
1496.666369
1496.678056
1496.683396
1496.708157
1496.722839
1496.733194
1496.739001
1496.749944
1496.769300
1496.791731
1496.811428
1496.819371
1496.831181
1496.862492
1496.875307
1496.881187
1496.905083
1496.917094
1496.921427
1496.958880
1496.977032
1497.000671
1497.010421
1497.042454
1497.051538
1497.078372
1497.084244
1497.123966
1497.167817
1497.181174
1497.209603
1497.251392
1497.293178
1497.334968
1497.340446
1497.373813
1497.395917
1497.418540
1497.441900
1497.460328
1497.488503
1497.498318
1497.502117
1497.531758
1497.543903
1497.549916
1497.585689
[ 1494.153677] intel_ipu6_isys.isys intel_ipu6.isys.40: csi2-1 error: Single packet header error corrected
[ 1494.153695] intel_ipu6_isys.isys intel_ipu6.isys.40: csi2-1 error: Multiple packet header errors detected
[ 1505.934310] intel_ipu6_isys.isys intel_ipu6.isys.40: stream stop time out
[ 1507.981178] intel_ipu6_isys.isys intel_ipu6.isys.40: stream close time out
[ 1507.981951] intel_ipu6_isys.isys intel_ipu6.isys.40: buffer list not empty, needs isys reset
