sensore gc5035 gc5035 2-003f /dev/v4l-subdev4 Intel IPU6 CSI2 2 /dev/video16
formato 128x96 GRBG bpl 256 n 64
chiesto 2480 1868 128 96
crop Left 2480, Top 1868, Width 128, Height 96
controlli:
exposure: 144
analogue_gain: 0
vertical_blanking: 64
horizontal_blanking: 2792
pixel_rate: 168960000
timestamp:
15074.080845
15074.083607
15074.086373
15074.089136
15074.091906
15074.094669
15074.097435
15074.100200
15074.102965
15074.105730
15074.108496
15074.111260
15074.114026
15074.116792
15074.119554
15074.122324
15074.125089
15074.127852
15074.130619
15074.133383
15074.136149
15074.138915
15074.141680
15074.144443
15074.147210
15074.149976
15074.152741
15074.155506
15074.158270
15074.161036
15074.163802
15074.166565
15074.169333
15074.172096
15074.174864
15074.177628
15074.180391
15074.183157
15074.185922
15074.188691
15074.191454
15074.194220
15074.196987
15074.199752
15074.202514
15074.205281
15074.208045
15074.210810
15074.213577
15074.216341
15074.219108
15074.221870
15074.224637
15074.227406
15074.230168
15074.232932
15074.235698
15074.238463
15074.241229
15074.243993
15074.246760
15074.249523
15074.252290
15074.255056
