sensore gc5035 gc5035 2-003f /dev/v4l-subdev4 Intel IPU6 CSI2 2 /dev/video16
formato 64x64 GRBG bpl 128 n 64
chiesto 2544 1900 64 64
crop Left 2544, Top 1900, Width 64, Height 64
controlli:
exposure: 112
analogue_gain: 0
vertical_blanking: 64
horizontal_blanking: 2856
pixel_rate: 168960000
timestamp:
15076.435120
15076.437332
15076.439542
15076.441755
15076.443968
15076.446179
15076.448393
15076.450605
15076.452816
15076.455031
15076.457241
15076.459453
15076.461665
15076.463878
15076.466091
15076.468302
15076.470514
15076.472727
15076.474941
15076.477152
15076.479364
15076.481576
15076.483789
15076.485999
15076.488214
15076.490425
15076.492636
15076.494850
15076.497061
15076.499274
15076.501484
15076.503698
15076.505912
15076.508122
15076.510334
15076.512547
15076.514759
15076.516971
15076.519183
15076.521397
15076.523609
15076.525820
15076.528032
15076.530244
15076.532455
15076.534667
15076.536880
15076.539093
15076.541307
15076.543517
15076.545728
15076.547941
15076.550155
15076.552366
15076.554578
15076.556790
15076.559003
15076.561215
15076.563429
15076.565640
15076.567853
15076.570063
15076.572276
15076.574490
