sensore gc5035 gc5035 2-003f /dev/v4l-subdev4 Intel IPU6 CSI2 2 /dev/video16
formato 2608x1964 GRBG bpl 5248 n 64
chiesto 0 0 2608 1964
crop Left 0, Top 0, Width 2608, Height 1964
controlli:
exposure: 984
analogue_gain: 0
vertical_blanking: 64
horizontal_blanking: 312
pixel_rate: 168960000
timestamp:
15069.679806
15069.714854
15069.749905
15069.784956
15069.820007
15069.855054
15069.890104
15069.925153
15069.960202
15070.030301
15070.065354
15070.100402
15070.170501
15070.205551
15070.275649
15070.310702
15070.345750
15070.415849
15070.450901
15070.485950
15070.556049
15070.591100
15070.626150
15070.696249
15070.731299
15070.801397
15070.836452
15070.906548
15070.941598
15071.011696
15071.046748
15071.116847
15071.151897
15071.221996
15071.257045
15071.327144
15071.362194
15071.432295
15071.467343
15071.537444
15071.572494
15071.607544
15071.677644
15071.712694
15071.782794
15071.817841
15071.852893
15071.922992
15071.958042
15071.993091
15072.063190
15072.098241
15072.168339
15072.203391
15072.238442
15072.308540
15072.343591
15072.413690
15072.448741
15072.483790
15072.553888
15072.588937
15072.659036
15072.694089
