sensore gc5035 gc5035 2-003f /dev/v4l-subdev4 Intel IPU6 CSI2 2 /dev/video16
formato 64x64 GRBG bpl 128 n 64
chiesto 0 0 64 64
crop Left 0, Top 0, Width 64, Height 64
controlli:
exposure: 112
analogue_gain: 0
vertical_blanking: 64
horizontal_blanking: 2856
pixel_rate: 168960000
timestamp:
15075.248687
15075.250895
15075.253111
15075.255320
15075.257535
15075.259746
15075.261957
15075.264170
15075.266383
15075.268594
15075.270807
15075.273021
15075.275231
15075.277444
15075.279657
15075.281868
15075.284079
15075.286296
15075.288505
15075.290721
15075.292928
15075.295143
15075.297353
15075.299568
15075.301779
15075.303991
15075.306201
15075.308416
15075.310626
15075.312839
15075.315053
15075.317263
15075.319477
15075.321689
15075.323901
15075.326114
15075.328323
15075.330535
15075.332749
15075.334962
15075.337174
15075.339385
15075.341597
15075.343811
15075.346021
15075.348235
15075.350448
15075.352658
15075.354870
15075.357086
15075.359296
15075.361508
15075.363719
15075.365931
15075.368146
15075.370356
15075.372567
15075.374781
15075.376993
15075.379204
15075.381418
15075.383630
15075.385843
15075.388053
