sensore gc8034 gc8034 1-0037 /dev/v4l-subdev5 Intel IPU6 CSI2 1 /dev/video8
formato 64x64 RGGB bpl 128 n 6
chiesto 5000 5000 6000 6000
crop Left 3218, Top 2436, Width 64, Height 64
controlli:
exposure: 108
analogue_gain: 0
vertical_blanking: 48
horizontal_blanking: 4208
pixel_rate: 255909888
timestamp:
15827.921516
15827.924720
15827.926501
15827.928354
15827.928458
15827.930325
15827.932195
15827.934020
15827.934084
15827.935804
15827.937800
15827.939673
15827.941539
15827.943276
15827.945278
15827.947146
15827.948914
15827.950885
15827.952756
15827.954631
15827.956362
96.564408
96.564408
96.564408
96.564409
96.564409
96.564409
96.564409
96.564409
96.564409
96.564409
15827.971271
15827.971447
15827.973316
15827.975183
15827.976914
15827.978922
15827.980792
15827.982659
15827.984530
15827.986399
15827.988130
15827.990136
15827.992004
15827.993876
15827.995609
15827.997501
15827.997621
15827.999484
15828.001352
15828.003169
15828.003236
15828.005089
15828.006893
15828.006961
15828.008827
15828.010697
15828.012565
15828.014433
15828.016304
15828.018172
15828.020046
15828.021912
15828.023645
15828.025649
15828.027517
15828.029302
15828.031258
15828.032994
15828.034992
15828.036871
15828.038731
15828.040468
15828.042470
15828.044342
15828.046209
15828.047948
15828.049946
15828.051815
15828.053551
15828.055553
15828.057430
15828.059294
15828.061162
15828.062908
15828.064758
15828.064925
15828.066771
15828.068639
15828.070508
15828.072239
15828.074243
15828.075994
15828.077981
15828.079722
15828.081720
15828.083598
15828.085459
15828.087271
15828.087341
15828.089199
15828.091066
15828.092937
